   00177,C6743918107,046105,201501,20150130,000006027043,000000000000,,  000,000,000,012                                                              
   00177,C6749505106,746875,201410,20150130,000000000000,000000000000,,  000,000,000,012                                                              
   04205,C5914176107,215767,201412,20150130,000000851850,000000000000,,  000,000,000,012                                                              
   04205,C6019061103,235425,201412,20150130,000000000000,000000000000,,  000,000,000,012                                                              
   04205,C6019061103,260002,201406,20150130,000000000000,000002893725,,  000,000,000,012                                                              
   04205,C6019061103,286424,201408,20150130,000000000000,000002836658,,  000,000,000,012                                                              
   04205,C6019061103,638587,201402,20150130,000000000000,000000000000,,  000,000,000,012                                                              
   04205,C6019061103,978987,201410,20150130,000000000000,000002705100,,  000,000,000,012                                                              
   04205,C6741826104,349362,201412,20150130,000000098584,000000021322,,  000,000,000,012                                                              
   04205,C6744995104,036507,201410,20150130,000000000000,000000000000,,  000,000,000,012                                                              
   04205,C6744995104,108131,201410,20150130,000000000000,000000000000,,  000,000,000,012                                                              
   04205,C6751333108,636984,201412,20150130,000000000000,000000706806,,  000,000,000,012                                                              
   04205,C6811632101,360603,201412,20150130,000000259605,000000172799,,  000,000,000,012                                                              
   04205,C7410088109,351539,200706,20150130,000000000000,000000000000,,  000,000,000,012                                                              
   04205,C7410088109,499284,200702,20150130,000000000000,000000000000,,  000,000,000,012                                                              
   04205,C7410088109,524894,200610,20150130,000000000000,000000000000,,  000,000,000,012                                                              
   04205,C7410088109,949692,200704,20150130,000000000000,000000000000,,  000,000,000,012                                                              
   04205,N8513243101,426368,201412,20150130,000000544964,000000243873,,  000,000,000,012                                                              
   04205,N8513287108,705345,201412,20150130,000000044023,000000037622,,  000,000,000,012                                                              
   04205,N8610020105,267692,201411,20150130,000000420083,000000000000,,  000,000,000,012                                                              
   04205,N9210207100,114937,201412,20150130,000001850093,000001161863,,  000,000,000,012                                                              
   04411,C6748924100,200070,201412,20150130,000000707427,000000176235,,  000,000,000,012                                                              
   04411,C6748924100,397732,201410,20150130,000000084642,000000037298,,  000,000,000,012                                                              
00000160,C5914715102,073308,201306,20150130,000000005622,000000011926,,  000,000,000,002                                                              
00000160,C5914715102,075038,201312,20150130,000000002557,000000006507,,  000,000,000,002                                                              
00000160,C5914715102,083389,201307,20150130,000000005716,000000000000,,  000,000,000,002                                                              
00000160,C5914715102,333815,201309,20150130,000000000709,000000000000,,  000,000,000,002                                                              
00000160,C5914715102,442650,201305,20150130,000000006310,000000000000,,  000,000,000,002                                                              
00000160,C5914715102,577534,201301,20150130,000000016680,000000000000,,  000,000,000,002                                                              
00000160,C5914715102,695814,201302,20150130,000000014970,000000027253,,  000,000,000,002                                                              
00000160,C5914715102,712479,201310,20150130,000000000711,000000001419,,  000,000,000,002                                                              
00000160,C5914715102,840850,201308,20150130,000000004757,000000010454,,  000,000,000,002                                                              
00000160,C5914715102,845637,201311,20150130,000000003548,000000000000,,  000,000,000,002                                                              
00000160,C5914715102,927919,201303,20150130,000000014260,000000000000,,  000,000,000,002                                                              
00000160,C5914715102,987097,201304,20150130,000000012281,000000026507,,  000,000,000,002                                                              
00000160,C6746109100,235158,201308,20150130,000000006519,000000011577,,  000,000,000,002                                                              
00000160,C6746109100,260175,201302,20150130,000000016172,000000035902,,  000,000,000,002                                                              
00000160,C6746109100,315764,201310,20150130,000000000977,000000002098,,  000,000,000,002                                                              
00000160,C6746109100,342560,201306,20150130,000000002617,000000007732,,  000,000,000,002                                                              
00000160,C6746109100,408284,201305,20150130,000000005132,000000000000,,  000,000,000,002                                                              
00000160,C6746109100,426315,201309,20150130,000000001120,000000000000,,  000,000,000,002                                                              
00000160,C6746109100,592344,201307,20150130,000000005100,000000000000,,  000,000,000,002                                                              
00000160,C6746109100,607640,201312,20150130,000000001489,000000004449,,  000,000,000,002                                                              
00000160,C6746109100,689605,201301,20150130,000000019858,000000000000,,  000,000,000,002                                                              
00000160,C6746109100,867342,201311,20150130,000000002995,000000000000,,  000,000,000,002                                                              
00000160,C6746109100,926930,201303,20150130,000000012922,000000000000,,  000,000,000,002                                                              
00000160,C6746109100,981380,201304,20150130,000000011616,000000024497,,  000,000,000,002                                                              
00000537,C6736229108,255012,201306,20150130,000000000000,000000304151,,  000,000,000,002                                                              
00000870,C6021208106,005606,201303,20150130,000000120722,000000000000,,  000,000,000,002                                                              
00000870,C6021208106,033093,201301,20150130,000000116592,000000000000,,  000,000,000,002                                                              
00000870,C6021208106,191601,201304,20150130,000000135266,000000000000,,  000,000,000,002                                                              
00000870,C6021208106,324150,201302,20150130,000000100662,000000000000,,  000,000,000,002                                                              
00000870,C6021208106,471604,201308,20150130,000000144910,000000000000,,  000,000,000,002                                                              
00000870,C6021208106,505466,201306,20150130,000000130199,000000000000,,  000,000,000,002                                                              
00000870,C6021208106,811230,201307,20150130,000000133196,000000000000,,  000,000,000,002                                                              
00000870,C6021208106,888681,201309,20150130,000000129585,000000000000,,  000,000,000,002                                                              
00000870,C6021208106,948258,201312,20150130,000000135316,000000000000,,  000,000,000,002                                                              
00000870,C6021208106,970549,201310,20150130,000000134074,000000000000,,  000,000,000,002                                                              
00000870,C6021208106,977150,201311,20150130,000000136171,000000000000,,  000,000,000,002                                                              
00000870,C6021208106,997383,201305,20150130,000000138908,000000000000,,  000,000,000,002                                                              
00000870,H5111443107,853359,201412,20150130,000001098527,000001145583,,  000,000,000,002                                                              
00001831,O1010758100,030717,201402,20150130,000000457916,000000000000,,  000,000,000,014                                                              
00001831,O1010758100,285589,201405,20150130,000000509512,000000000000,,  000,000,000,014                                                              
00001831,O1010758100,398312,201401,20150130,000000645858,000000000000,,  000,000,000,014                                                              
00001831,O1010758100,457283,201312,20150130,000000532010,000000000000,,  000,000,000,014                                                              
00001831,O1010758100,612161,201404,20150130,000000496580,000000000000,,  000,000,000,014                                                              
00004149,16010608103,682975,201412,20150130,000000057808,000000029187,,  000,000,000,002                                                              
00005208,C6752070105,760185,201412,20150130,000000000000,000012498578,,  000,000,000,014                                                              
00007163,C6746796104,914359,201412,20150130,000000068722,000000053950,,  000,000,000,002                                                              
00007742,C6751247100,035393,201412,20150130,000000535862,000000362333,,  000,000,000,014                                                              
00100084,C6752181100,875114,201411,20150130,000000061587,000000000000,,  000,000,000,021                                                              
00100637,C6741512100,365700,200506,20150130,000000000000,000000078541,,  000,000,000,021                                                              
00101150,C6732598100,373318,201412,20150130,000000163636,000000152580,,  000,000,000,021                                                              
00101151,C6715839109,532859,201412,20150130,000000221201,000000181938,,  000,000,000,021                                                              
00101607,N9110059106,019814,201412,20150130,000000868563,000000525648,,  000,000,000,021                                                              
00101915,C6022061108,192960,201411,20150130,000000065440,000000000000,,  000,000,000,021                                                              
00101915,H2510424101,275127,200802,20150130,000000000000,000000479360,,  000,000,000,021                                                              
00101998,C6022562105,988761,201412,20150130,000000926536,000000388407,,  000,000,000,021                                                              
00103027,C6720769101,714286,201412,20150130,000000056095,000000025801,,  000,000,000,021                                                              
02090002,N8513276101,610084,201312,20150130,000000000000,000000133079,,  000,000,000,044                                                              
admin   ,C6747320102,305953,201412,20150130,000000586206,000000000000,,  000,000,000,030                                                              
