   00177,C5914642108,565162,201504,20150514,000002378124,000002539712,,  000,000,000,012                                                              
   00177,C6020027101,689877,201504,20150514,000032612768,000037229757,,  000,000,000,012                                                              
   00177,C6744259105,536522,201504,20150514,000006302829,000005451004,,  000,000,000,012                                                              
   00177,C6753203101,439847,201504,20150514,000006210836,000005856544,,  000,000,000,012                                                              
   00177,N8511438109,851325,201504,20150514,000044681968,000052741083,,  000,000,000,012                                                              
   00177,N8511599108,528637,201412,20150514,000000000000,000000000000,,  000,000,000,012                                                              
   00177,N8511599108,536399,201504,20150514,000000000000,000000000000,,  000,000,000,012                                                              
   00177,N8511599108,954510,201502,20150514,000000000000,000000000000,,  000,000,000,012                                                              
   00177,S4810159103,507728,201504,20150514,000008352732,000027808307,,  000,000,000,012                                                              
   00561,C6745769102,130215,201504,20150514,000000069647,000000028708,,  000,000,000,012                                                              
   00561,C6745776107,604911,201504,20150514,000000065299,000000024552,,  000,000,000,012                                                              
   00561,C6752535107,795524,201504,20150514,000000297964,000000169187,,  000,000,000,012                                                              
   00561,O2010645107,596350,201504,20150514,000000079426,000000041148,,  000,000,000,012                                                              
   04205,16012061103,650539,201504,20150514,000002475871,000002913405,,  000,000,000,012                                                              
   04205,C5913342106,050606,201504,20150514,000000228207,000000203127,,  000,000,000,012                                                              
   04205,C5915094101,045708,201504,20150514,000001499242,000001130357,,  000,000,000,012                                                              
   04205,C5915210103,607430,201504,20150514,000005916698,000004816832,,  000,000,000,012                                                              
   04205,C6011649103,606381,201412,20150514,000000000929,000000019856,,  000,000,000,012                                                              
   04205,C6011649103,612464,201411,20150514,000000044246,000000000000,,  000,000,000,012                                                              
   04205,C6011649103,700874,201504,20150514,000023032182,000027177731,,  000,000,000,012                                                              
   04205,C6021431104,495124,201504,20150514,000000299487,000000306315,,  000,000,000,012                                                              
   04205,C6021945103,831229,201504,20150514,000000176176,000000151055,,  000,000,000,012                                                              
   04205,C6023545109,477241,201504,20150514,000000706776,000000826623,,  000,000,000,012                                                              
   04205,C6212202108,527416,201504,20150514,000002073849,000002572829,,  000,000,000,012                                                              
   04205,C6212834108,948707,201504,20150514,000000197838,000000094589,,  000,000,000,012                                                              
   04205,C6213208104,876278,201504,20150514,000000811858,000000558801,,  000,000,000,012                                                              
   04205,C6715371103,907523,201503,20150514,000000542033,000000000000,,  000,000,000,012                                                              
   04205,C6725098100,007062,201504,20150514,000001152520,000001043239,,  000,000,000,012                                                              
   04205,C6726316105,254906,201504,20150514,000001437841,000001837806,,  000,000,000,012                                                              
   04205,C6731995109,505470,201504,20150514,000002417665,000002420573,,  000,000,000,012                                                              
   04205,C6735088109,253548,201504,20150514,000000450094,000000177214,,  000,000,000,012                                                              
   04205,C6736393102,746360,201504,20150514,000004231604,000004527932,,  000,000,000,012                                                              
   04205,C6736812101,534551,201311,20150514,000000357458,000000000000,,  000,000,000,012                                                              
   04205,C6736812101,584463,201312,20150514,000002208090,000000000000,,  000,000,000,012                                                              
   04205,C6736812101,721961,201401,20150514,000001237148,000000000000,,  000,000,000,012                                                              
   04205,C6739118100,937542,201504,20150514,000000258547,000000257768,,  000,000,000,012                                                              
   04205,C6739707100,250006,201504,20150514,000006680900,000007107249,,  000,000,000,012                                                              
   04205,C6741153103,678644,201504,20150514,000000611027,000000370649,,  000,000,000,012                                                              
   04205,C6741809100,188362,201504,20150514,000000064436,000000037382,,  000,000,000,012                                                              
   04205,C6741846102,439506,201504,20150514,000000605023,000000298408,,  000,000,000,012                                                              
   04205,C6742581104,740078,201504,20150514,000000372092,000000353071,,  000,000,000,012                                                              
   04205,C6743214101,648419,201504,20150514,000003138948,000003125263,,  000,000,000,012                                                              
   04205,C6743215108,669317,201504,20150514,000001357010,000001309566,,  000,000,000,012                                                              
   04205,C6744479109,139153,201504,20150514,000000350505,000000190653,,  000,000,000,012                                                              
   04205,C6745046105,381386,201504,20150514,000009395101,000012987362,,  000,000,000,012                                                              
   04205,C6746073108,795829,201502,20150514,000000000000,000000000000,,  000,000,000,012                                                              
   04205,C6748305102,013801,201502,20150514,000000000000,000000000000,,  000,000,000,012                                                              
   04205,C6749410109,666891,201504,20150514,000001087262,000000582521,,  000,000,000,012                                                              
   04205,C6749483106,542477,201503,20150514,000000386255,000000000000,,  000,000,000,012                                                              
   04205,C6750547104,299339,201504,20150514,000000192453,000000130145,,  000,000,000,012                                                              
   04205,C6751587109,137948,201504,20150514,000001220451,000000688957,,  000,000,000,012                                                              
   04205,C6752384100,771888,201504,20150514,000000062635,000000040008,,  000,000,000,012                                                              
   04205,C6753114100,665046,201504,20150514,000002192481,000001356787,,  000,000,000,012                                                              
   04205,C6910461139,225873,201504,20150514,000002129946,000001565958,,  000,000,000,012                                                              
   04205,C7210268109,851676,201504,20150514,000000820420,000001130494,,  000,000,000,012                                                              
   04205,H2511678101,202779,201504,20150514,000001792583,000001278846,,  000,000,000,012                                                              
   04205,N8510129105,163367,201504,20150514,000007874213,000007148445,,  000,000,000,012                                                              
   04205,N9110813106,648785,201504,20150514,000000177495,000000188806,,  000,000,000,012                                                              
   04205,O1010137107,276588,201504,20150514,000001763804,000001617123,,  000,000,000,012                                                              
   04677,C6019408106,071053,201504,20150514,000000483423,000000417521,,  000,000,000,012                                                              
   05125,C6110659102,841316,201504,20150514,000000718548,000000364119,,  000,000,000,012                                                              
   05290,C6752430101,422461,201504,20150514,000000188350,000000065619,,  000,000,000,012                                                              
   06542,C6723555101,526708,201504,20150514,000000055923,000000026584,,  000,000,000,012                                                              
00000092,C6735044102,176388,201504,20150514,000000464165,000000354131,,  000,000,000,002                                                              
00000157,L4510209106,771262,201504,20150514,000000318302,000000211192,,  000,000,000,014                                                              
00000287,C5913587106,529173,201504,20150514,000000121172,000000059812,,  000,000,000,002                                                              
00000287,C6741698107,794440,201504,20150514,000000484312,000000288072,,  000,000,000,002                                                              
00000519,C5914616102,249319,201504,20150514,000003518638,000003140056,,  000,000,000,002                                                              
00000588,C6742559100,365425,201504,20150514,000000334270,000000271017,,  000,000,000,002                                                              
00000588,N9110154105,793006,201504,20150514,000000517872,000000267006,,  000,000,000,002                                                              
00000798,H5112401104,884254,201504,20150514,000000078620,000000040192,,  000,000,000,002                                                              
00000839,C6023174108,093483,201504,20150514,000000196389,000000083529,,  000,000,000,002                                                              
00000870,C5914150102,364677,201504,20150514,000000798379,000000781624,,  000,000,000,002                                                              
00000870,C5915014109,633053,201504,20150514,000000405905,000000379042,,  000,000,000,002                                                              
00000870,C5915320100,189432,201504,20150514,000000496817,000000400578,,  000,000,000,002                                                              
00000870,C5915321108,880828,201504,20150514,000003207642,000003847771,,  000,000,000,002                                                              
00000870,C6019826109,837196,201504,20150514,000000291041,000000239574,,  000,000,000,002                                                              
00000870,C6021306108,318703,201102,20150514,000000000000,000000000000,,  000,000,000,002                                                              
00000870,C6021306108,444485,201008,20150514,000000000000,000000000000,,  000,000,000,002                                                              
00000870,C6021306108,890434,201108,20150514,000000000000,000000000000,,  000,000,000,002                                                              
00000870,C6021602100,947562,201504,20150514,000004156679,000003200867,,  000,000,000,002                                                              
00000870,C6022876109,633214,201504,20150514,000000184932,000000187954,,  000,000,000,002                                                              
00000870,C6022986106,902416,201504,20150514,000001098861,000000896194,,  000,000,000,002                                                              
00000870,C6023006102,946952,201504,20150514,000003835219,000005586003,,  000,000,000,002                                                              
00000870,C6023535100,455548,201504,20150514,000000596343,000000871686,,  000,000,000,002                                                              
00000870,C6023719100,684013,201504,20150514,000003250561,000001980602,,  000,000,000,002                                                              
00000870,C6711730179,032028,201504,20150514,000000000000,000002283007,,  000,000,000,002                                                              
00000870,C6711730179,261316,201504,20150514,000001070151,000000000000,,  000,000,000,002                                                              
00000870,C6722474106,124687,201504,20150514,000000349894,000000204967,,  000,000,000,002                                                              
00000870,C6726329108,167294,201504,20150514,000001010781,000001381847,,  000,000,000,002                                                              
00000870,C6741196102,313979,201504,20150514,000052485303,000043119463,,  000,000,000,002                                                              
00000870,C6743257100,695416,201504,20150514,000001076227,000000663103,,  000,000,000,002                                                              
00000870,C6746150104,224850,201504,20150514,000002596227,000002879748,,  000,000,000,002                                                              
00000870,C6746452104,105383,201504,20150514,000000170940,000000088039,,  000,000,000,002                                                              
00000870,C6747335100,674812,201504,20150514,000000363761,000000200840,,  000,000,000,002                                                              
00000870,C6747938101,152535,201504,20150514,000001342962,000000886743,,  000,000,000,002                                                              
00000870,C6748369108,663276,201504,20150514,000000389008,000000210086,,  000,000,000,002                                                              
00000870,C6748607101,018028,201504,20150514,000000710007,000000570710,,  000,000,000,002                                                              
00000870,C6749724103,521934,201504,20150514,000003859134,000003265949,,  000,000,000,002                                                              
00000870,C6752234107,250831,201504,20150514,000001420779,000001000850,,  000,000,000,002                                                              
00000870,H5112149109,506848,201504,20150514,000001516392,000001528777,,  000,000,000,002                                                              
00000870,L9810124103,661552,201504,20150514,000000172443,000000089294,,  000,000,000,002                                                              
00000870,N8512378106,974481,201504,20150514,000012422238,000011578998,,  000,000,000,002                                                              
00000870,N9310514108,488537,201504,20150514,000000676901,000000467442,,  000,000,000,002                                                              
00000870,N9810128102,798948,201504,20150514,000002292016,000002087628,,  000,000,000,002                                                              
00000870,O1510411101,460274,201504,20150514,000002342907,000002179331,,  000,000,000,002                                                              
00000981,C5914746107,356026,201504,20150514,000001084438,000001021380,,  000,000,000,014                                                              
00000981,C5915101104,867565,201504,20150514,000000090016,000000058147,,  000,000,000,014                                                              
00000981,C6021781102,754164,201504,20150514,000001776513,000001535212,,  000,000,000,014                                                              
00000981,C6023402103,429435,201504,20150514,000000773439,000000748926,,  000,000,000,014                                                              
00000981,C6718980108,778144,201504,20150514,000001400396,000001810084,,  000,000,000,014                                                              
00000981,C6723367101,364219,201504,20150514,000001946159,000002206350,,  000,000,000,014                                                              
00000981,C6731485101,067059,201504,20150514,000002436041,000002214991,,  000,000,000,014                                                              
00000981,C6741876109,104245,201504,20150514,000001084128,000000880166,,  000,000,000,014                                                              
00000981,C6745150105,062964,201504,20150514,000000405437,000000612440,,  000,000,000,014                                                              
00000981,C6745151103,540977,201504,20150514,000000405437,000000612440,,  000,000,000,014                                                              
00000981,C6748389106,723635,201504,20150514,000005241352,000005318068,,  000,000,000,014                                                              
00000981,C6812024100,520188,201504,20150514,000000928397,000000796138,,  000,000,000,014                                                              
00000981,C6911325101,743739,201504,20150514,000000645067,000000623806,,  000,000,000,014                                                              
00000981,C7210246105,311500,201504,20150514,000008208071,000006241487,,  000,000,000,014                                                              
00000981,C7211469102,909156,201504,20150514,000001181871,000001176727,,  000,000,000,014                                                              
00000981,C7411273106,577917,201504,20150514,000002659662,000003218485,,  000,000,000,014                                                              
00000981,C7411296107,066049,201504,20150514,000000920559,000000881396,,  000,000,000,014                                                              
00000981,H2511640101,390297,201504,20150514,000001379698,000001426479,,  000,000,000,014                                                              
00000981,H5111297107,046761,201504,20150514,000093125646,000093577814,,  000,000,000,014                                                              
00000981,H5111297107,725044,201504,20150514,000001298468,000001234068,,  000,000,000,014                                                              
00000981,N8410513101,269825,201504,20150514,000000876299,000000841309,,  000,000,000,014                                                              
00000981,N8513160107,649318,201504,20150514,000001045041,000000978453,,  000,000,000,014                                                              
00000981,N9110807108,582962,201504,20150514,000000948189,000000958069,,  000,000,000,014                                                              
00000981,O1510386105,485969,201504,20150514,000008467812,000005994490,,  000,000,000,014                                                              
00004149,C6023049102,672329,201504,20150514,000000000000,000000009883,,  000,000,000,002                                                              
00004149,C6724447100,187527,201504,20150514,000000261555,000000179988,,  000,000,000,002                                                              
00004149,C6750974100,585868,201504,20150514,000000574150,000000295065,,  000,000,000,002                                                              
00004199,C6747414103,117546,201504,20150514,000000833557,000000539378,,  000,000,000,002                                                              
00004414,O0410132106,189812,201503,20150514,000000334992,000000000000,,  000,000,000,002                                                              
00004441,C6013172104,431220,201504,20150514,000000405536,000000302394,,  000,000,000,002                                                              
00004441,C6017149108,886909,201504,20150514,000001255850,000001527552,,  000,000,000,002                                                              
00004441,C6750290101,718589,201504,20150514,000002737414,000001652838,,  000,000,000,002                                                              
00004469,C6746589103,489860,201504,20150514,000002407131,000002637990,,  000,000,000,002                                                              
00005002,C6021341105,165762,201504,20150514,000046521572,000050441241,,  000,000,000,021                                                              
00005002,C6735715107,376631,201504,20150514,000022051570,000026234426,,  000,000,000,021                                                              
00005002,C6742822102,652510,201504,20150514,000001586946,000002401370,,  000,000,000,021                                                              
00005002,C6742824108,759304,201504,20150514,000010982766,000011309097,,  000,000,000,021                                                              
00005002,C6746072100,296429,201504,20150514,000003696165,000005424558,,  000,000,000,021                                                              
00005002,C7411237101,504983,201504,20150514,000000206687,000000328482,,  000,000,000,021                                                              
00005002,H2511207109,800545,201504,20150514,000000585930,000000799492,,  000,000,000,021                                                              
00005002,H5112540109,169788,201504,20150514,000000325503,000000425791,,  000,000,000,021                                                              
00005002,N8512208105,773287,201504,20150514,000005379258,000006256226,,  000,000,000,021                                                              
00005002,N8512743101,334095,201504,20150514,000000509173,000000640329,,  000,000,000,021                                                              
00005002,N9510089109,903984,201504,20150514,000000451957,000000633980,,  000,000,000,021                                                              
00005003,C5914986109,666775,201504,20150514,000000169641,000000086695,,  000,000,000,021                                                              
00005036,C6717498102,109322,201504,20150514,000000061909,000000035246,,  000,000,000,002                                                              
00005181,C7410682109,220848,201502,20150514,000000607380,000000496608,,  000,000,000,014                                                              
00010087,16094658107,814369,201504,20150514,000000211762,000000196188,,  000,000,000,044                                                              
00010087,C5911677107,824912,201504,20150514,000000307966,000000330231,,  000,000,000,044                                                              
00010087,C6023289104,711006,201504,20150514,000000138818,000000145249,,  000,000,000,044                                                              
00100049,O1510419104,743232,201504,20150514,000000769664,000000349470,,  000,000,000,021                                                              
00100083,C6021656106,193596,201504,20150514,000000695165,000000356300,,  000,000,000,021                                                              
00100083,C6021656106,361870,201504,20150514,000000932395,000000420745,,  000,000,000,021                                                              
00100083,C6021656106,669119,201504,20150514,000000695165,000000356300,,  000,000,000,021                                                              
00100083,C6745441108,803371,201504,20150514,000000000000,000000050577,,  000,000,000,021                                                              
00100084,C6741049103,389061,201503,20150514,000000128492,000000000000,,  000,000,000,021                                                              
00100084,C6744709109,427208,201504,20150514,000000243915,000000147609,,  000,000,000,021                                                              
00100560,C6726670105,071103,201402,20150514,000000842669,000000000000,,  000,000,000,021                                                              
00100560,C6726670105,673988,201401,20150514,000000976524,000000000000,,  000,000,000,021                                                              
00100637,C6012757103,507321,201504,20150514,000000595419,000000421312,,  000,000,000,021                                                              
00100637,C6018107105,448448,201504,20150514,000000170484,000000085287,,  000,000,000,021                                                              
00100757,C6020933100,285548,201504,20150514,000002385661,000002955097,,  000,000,000,021                                                              
00100764,C6749181106,855626,201302,20150514,000000000000,000000001147,,  000,000,000,021                                                              
00101151,C6812144106,634101,201504,20150514,000000452322,000000300500,,  000,000,000,021                                                              
00101952,C6752823107,757633,201306,20150514,000000000000,000000000000,,  000,000,000,021                                                              
00101952,C6752823107,769781,201304,20150514,000000000000,000000000000,,  000,000,000,021                                                              
00101952,C6752823107,967870,201302,20150514,000000000000,000000000000,,  000,000,000,021                                                              
00101998,C5910829105,604238,201504,20150514,000000521811,000000435773,,  000,000,000,021                                                              
00101998,C6747416108,037696,201504,20150514,000000845927,000000830439,,  000,000,000,021                                                              
00103003,H5113067102,763804,201504,20150514,000000073624,000000082856,,  000,000,000,021                                                              
00103027,C6016876107,830146,201412,20150514,000000000000,000000063822,,  000,000,000,021                                                              
00103027,C6811898108,631431,201504,20150514,000000063610,000000034006,,  000,000,000,021                                                              
00720714,C6725582103,837089,201504,20150514,000000731460,000000435613,,  000,000,000,072                                                              
00721297,C5913478108,843288,201504,20150514,000000379518,000000248147,,  000,000,000,072                                                              
00721349,C6727263108,450482,201503,20150514,000000058326,000000000000,,  000,000,000,072                                                              
00721349,O0110448109,387945,201504,20150514,000000064576,000000026584,,  000,000,000,072                                                              
00721349,O0310393105,448941,201504,20150514,000000064576,000000026584,,  000,000,000,072                                                              
00721349,O1110459104,632728,201504,20150514,000000056013,000000026584,,  000,000,000,072                                                              
00721394,N9510084100,201047,201504,20150514,000000407332,000000187907,,  000,000,000,072                                                              
00721998,C6022836103,620826,201504,20150514,000000056013,000000026584,,  000,000,000,072                                                              
00721998,C6751315105,205282,201504,20150514,000000309362,000000121333,,  000,000,000,072                                                              
00722409,C6743007109,783260,201504,20150514,000000499378,000000301024,,  000,000,000,072                                                              
00722409,C6746819104,281990,201504,20150514,000000059215,000000033301,,  000,000,000,072                                                              
00722414,C6910819104,602500,200912,20150514,000000000000,000001264723,,  000,000,000,072                                                              
00722417,C6023741138,719413,201504,20150514,000000118430,000000056650,,  000,000,000,072                                                              
00722417,C6749040104,885662,201504,20150514,000000176852,000000107417,,  000,000,000,072                                                              
00722417,C6751238109,948966,201502,20150514,000000000000,000000000000,,  000,000,000,072                                                              
00722431,C6736909105,428509,201504,20150514,000000063480,000000042010,,  000,000,000,072                                                              
00722431,C6740089100,657722,201504,20150514,000000119083,000000067938,,  000,000,000,072                                                              
00722431,C6752885106,176033,201504,20150514,000000285384,000000115963,,  000,000,000,072                                                              
00722434,O0710028103,861976,201503,20150514,000000159973,000000000000,,  000,000,000,072                                                              
00722450,S3910561101,531501,201504,20150514,000000236419,000000112232,,  000,000,000,072                                                              
00724880,N9510049103,707830,201504,20150514,000000284439,000000244804,,  000,000,000,072                                                              
00727638,C6750707104,514355,201504,20150514,000000058006,000000030622,,  000,000,000,072                                                              
00728846,C6015842100,629431,201503,20150514,000000996690,000000000000,,  000,000,000,072                                                              
00728846,C6023396107,211959,201504,20150514,000002054011,000001828452,,  000,000,000,072                                                              
00728846,C6710003107,116951,201503,20150514,000000081966,000000000000,,  000,000,000,072                                                              
00728846,C6711096100,416272,201504,20150514,000000262075,000000178261,,  000,000,000,072                                                              
00728846,C6716355105,993873,201504,20150514,000010923434,000010143451,,  000,000,000,072                                                              
00728846,C6717644101,353907,201504,20150514,000004984336,000007689290,,  000,000,000,072                                                              
00728846,C6736266100,327084,201504,20150514,000000057019,000000028819,,  000,000,000,072                                                              
00728846,C6737949100,767661,201504,20150514,000002042744,000002256316,,  000,000,000,072                                                              
00728846,C6741248101,572659,201504,20150514,000001937635,000001279306,,  000,000,000,072                                                              
00728846,C6744594105,316817,201503,20150514,000000005389,000000000000,,  000,000,000,072                                                              
00728846,C6744594105,584324,201502,20150514,000000000000,000000000000,,  000,000,000,072                                                              
00728846,C6746680100,605490,201504,20150514,000001987178,000001543735,,  000,000,000,072                                                              
00728846,C6748203109,647607,201504,20150514,000000067778,000000050786,,  000,000,000,072                                                              
00728846,C6748240101,924953,201504,20150514,000000056888,000000028153,,  000,000,000,072                                                              
00728846,C6751780100,859875,201504,20150514,000000263061,000000252265,,  000,000,000,072                                                              
00728846,C6753140105,621578,201504,20150514,000000084726,000000040007,,  000,000,000,072                                                              
00728846,C6812058108,497488,201504,20150514,000000684716,000000485020,,  000,000,000,072                                                              
00728846,C7211103107,732429,201504,20150514,000000524650,000000529380,,  000,000,000,072                                                              
00728846,H5110343100,193581,201504,20150514,000006926483,000009625569,,  000,000,000,072                                                              
00728846,H5111493102,543434,201504,20150514,000004838547,000006173175,,  000,000,000,072                                                              
00728846,N8512120102,031517,201504,20150514,000000265833,000000216901,,  000,000,000,072                                                              
00728846,N9110436106,050442,201504,20150514,000000000000,000000000000,,  000,000,000,072                                                              
00728846,N9810535108,962012,201504,20150514,000000606446,000000720397,,  000,000,000,072                                                              
00728846,S3910578105,925548,201503,20150514,000001743376,000000000000,,  000,000,000,072                                                              
00728846,S3910578105,946632,201502,20150514,000002117598,000000000000,,  000,000,000,072                                                              
501     ,C6736732101,411374,201504,20150514,000000138447,000000107205,,  000,000,000,062                                                              
501     ,C6743000104,929008,201504,20150514,000002298539,000002563201,,  000,000,000,062                                                              
501     ,C6752069107,963253,201504,20150514,000000480095,000000356407,,  000,000,000,062                                                              
