     180,N8513268108,551139,201503,20150424,000000538041,000000000000,,  000,000,000,036                                                              
   00088,C6745117104,235998,201409,20150424,000000001905,000000000000,,  000,000,000,012                                                              
   00177,C6752122104,780514,201503,20150424,000001876232,000000000000,,  000,000,000,012                                                              
   00177,C6752122104,918743,201502,20150424,000000000000,000000000000,,  000,000,000,012                                                              
   00177,N8511599108,866294,201502,20150424,000000000000,000026316325,,  000,000,000,012                                                              
   00585,C6023387106,069394,201503,20150424,000000082082,000000000000,,  000,000,000,012                                                              
   04205,C5913152109,133980,201503,20150424,000001517882,000000000000,,  000,000,000,012                                                              
   04205,C6023698106,044457,201503,20150424,000003701703,000000000000,,  000,000,000,012                                                              
   04205,C6731365105,462318,201503,20150424,000000366283,000000000000,,  000,000,000,012                                                              
   04205,C6746556102,820274,201503,20150424,000000773293,000000000000,,  000,000,000,012                                                              
   04205,C6748052100,964345,201502,20150424,000000428704,000000211192,,  000,000,000,012                                                              
   04205,C6752357106,489051,201503,20150424,000001703988,000000000000,,  000,000,000,012                                                              
   04205,C6811292104,009151,201204,20150424,000000000000,000000000000,,  000,000,000,012                                                              
   04205,C6811292104,033460,201210,20150424,000000000000,000000000000,,  000,000,000,012                                                              
   04205,C6911318106,058388,201503,20150424,000018571746,000000000000,,  000,000,000,012                                                              
   04205,L4510017137,319481,201502,20150424,000002002917,000000000000,,  000,000,000,012                                                              
   05003,C6748506105,212776,201503,20150424,000000063320,000000000000,,  000,000,000,012                                                              
   05003,C6752905102,465527,201503,20150424,000000281286,000000000000,,  000,000,000,012                                                              
   05232,C5914280107,031090,201502,20150424,000000000000,000001132544,,  000,000,000,012                                                              
   06560,N8411262104,907635,201503,20150424,000000059814,000000000000,,  000,000,000,012                                                              
00000100,C6747251109,982658,201502,20150424,000000084042,000000000000,,  000,000,000,014                                                              
00000167,C6213132106,342282,201204,20150424,000000000000,000000000000,,  000,000,000,014                                                              
00000167,C6213132106,414358,201202,20150424,000000000000,000000000000,,  000,000,000,014                                                              
00000167,C6213132106,468915,201206,20150424,000000000000,000000000000,,  000,000,000,014                                                              
00000167,C6213132106,979301,201208,20150424,000000000000,000000000000,,  000,000,000,014                                                              
00000167,C6752657109,153624,201212,20150424,000000000000,000000000000,,  000,000,000,014                                                              
00000167,C6752657109,203782,201304,20150424,000000000000,000000000000,,  000,000,000,014                                                              
00000167,C6752657109,532670,201210,20150424,000000000000,000000000000,,  000,000,000,014                                                              
00000167,C6752657109,652734,201302,20150424,000000000000,000000000000,,  000,000,000,014                                                              
00001102,H5112608104,013939,201503,20150424,000000263052,000000000000,,  000,000,000,014                                                              
00001831,C6752050107,565940,201503,20150424,000001234859,000000000000,,  000,000,000,014                                                              
00005002,N8610183101,037527,200910,20150424,000000000000,000000000000,,  000,000,000,021                                                              
00005002,N8610183101,558601,201004,20150424,000000000000,000000000000,,  000,000,000,021                                                              
00005002,N8610183101,760102,201006,20150424,000000000000,000000000000,,  000,000,000,021                                                              
00005002,N8610183101,990749,201002,20150424,000000000000,000000000000,,  000,000,000,021                                                              
00005003,N9410067106,249875,201502,20150424,000001235528,000000790991,,  000,000,000,021                                                              
00100083,C6739590100,922401,201503,20150424,000000196994,000000000000,,  000,000,000,021                                                              
00100524,C6023234100,016441,201502,20150424,000000269789,000000000000,,  000,000,000,021                                                              
00100637,C6811353104,629570,201410,20150424,000000000000,000000154401,,  000,000,000,021                                                              
00100647,C6750545108,632717,201310,20150424,000000159862,000000180697,,  000,000,000,021                                                              
00100647,C6750545108,900474,201308,20150424,000000035708,000000017515,,  000,000,000,021                                                              
00100647,C6750545108,982289,201309,20150424,000000211481,000000000000,,  000,000,000,021                                                              
00101150,C6751451108,735485,201503,20150424,000000704810,000000000000,,  000,000,000,021                                                              
00101607,N9510454105,035973,201503,20150424,000000068729,000000000000,,  000,000,000,021                                                              
00101607,N9510454105,410543,201501,20150424,000000071446,000000000000,,  000,000,000,021                                                              
00101607,N9510454105,946193,201412,20150424,000000070298,000000000000,,  000,000,000,021                                                              
00101607,N9510454105,954658,201411,20150424,000000069098,000000000000,,  000,000,000,021                                                              
00720280,N9010071102,034706,201503,20150424,000000057801,000000000000,,  000,000,000,072                                                              
00720691,C6750689104,442070,201503,20150424,000001857363,000000000000,,  000,000,000,072                                                              
00721349,C6752412109,455192,201503,20150424,000000084120,000000000000,,  000,000,000,072                                                              
00721483,C6212879103,928779,201503,20150424,000000416693,000000000000,,  000,000,000,072                                                              
00722374,C6016876107,160010,201502,20150424,000000000000,000000061398,,  000,000,000,072                                                              
00722374,C6745672108,199384,201412,20150424,000000000000,000000029417,,  000,000,000,072                                                              
00722374,C6750203104,232307,201502,20150424,000000000000,000000213927,,  000,000,000,072                                                              
00722374,N9510045101,018959,201501,20150424,000000237582,000000000000,,  000,000,000,072                                                              
00722414,C6745745102,267599,201501,20150424,000000077820,000000000000,,  000,000,000,072                                                              
00722417,C6811353104,660453,201503,20150424,000000237693,000000000000,,  000,000,000,072                                                              
00722417,C6812018102,938804,201503,20150424,000000917332,000000000000,,  000,000,000,072                                                              
00722431,N9111154104,283272,201503,20150424,000000149300,000000000000,,  000,000,000,072                                                              
00722537,C6751976104,280907,201503,20150424,000000154979,000000000000,,  000,000,000,072                                                              
00728846,C5911284102,413673,201502,20150424,000031152248,000000000000,,  000,000,000,072                                                              
00728846,C6719396106,086235,201503,20150424,000000251039,000000000000,,  000,000,000,072                                                              
00728846,C6745117104,886220,201411,20150424,000000631524,000000000000,,  000,000,000,072                                                              
00728846,C6910845109,902457,201503,20150424,000012485232,000000000000,,  000,000,000,072                                                              
MM      ,C6741699105,697059,201503,20150424,000000202159,000000000000,,  000,000,000,030                                                              
MM      ,N9910441108,708061,201503,20150424,000000076531,000000000000,,  000,000,000,030                                                              
MM      ,O0810398109,974834,201503,20150424,000000078287,000000000000,,  000,000,000,030                                                              
MM      ,O0810404105,447973,201503,20150424,000000079362,000000000000,,  000,000,000,030                                                              
