   00177,C6736309108,118876,201412,20150428,000000004877,000000009067,,  000,000,000,012                                                              
   00177,C6736309108,548522,201501,20150428,000000004828,000000000000,,  000,000,000,012                                                              
   00177,C6736309108,606612,201502,20150428,000000003748,000000008545,,  000,000,000,012                                                              
   00177,C6736309108,855103,201411,20150428,000000004038,000000000000,,  000,000,000,012                                                              
   00177,C6736584106,187168,201412,20150428,000000009916,000000017435,,  000,000,000,012                                                              
   00177,C6736584106,258363,201501,20150428,000000004631,000000000000,,  000,000,000,012                                                              
   00177,C6736584106,281458,201502,20150428,000000001146,000000006566,,  000,000,000,012                                                              
   00177,C6736584106,740715,201411,20150428,000000008849,000000000000,,  000,000,000,012                                                              
   00177,H2511208107,311993,201412,20150428,000000003867,000000007507,,  000,000,000,012                                                              
   00177,H2511208107,436030,201502,20150428,000000003457,000000007311,,  000,000,000,012                                                              
   00177,H2511208107,597007,201501,20150428,000000003882,000000000000,,  000,000,000,012                                                              
   00177,H2511208107,986882,201411,20150428,000000003630,000000000000,,  000,000,000,012                                                              
   00561,C6749275106,584114,201503,20150428,000000224176,000000000000,,  000,000,000,012                                                              
   00585,C5914176107,369824,201502,20150428,000000000000,000000647603,,  000,000,000,012                                                              
   04205,C5913257106,129234,201503,20150428,000000195758,000000000000,,  000,000,000,012                                                              
   04205,C5914176107,339699,201412,20150428,000000000000,000000677954,,  000,000,000,012                                                              
   04205,C6021556108,764263,201503,20150428,000000133989,000000000000,,  000,000,000,012                                                              
   04205,C6212723103,078992,201202,20150428,000000000000,000000000000,,  000,000,000,012                                                              
   04205,C6212723103,117407,201206,20150428,000000000000,000000000000,,  000,000,000,012                                                              
   04205,C6212723103,177040,201102,20150428,000000000000,000000000000,,  000,000,000,012                                                              
   04205,C6212723103,878102,201112,20150428,000000000000,000000000000,,  000,000,000,012                                                              
   04205,C6213139101,588859,201502,20150428,000000000000,000000000000,,  000,000,000,012                                                              
   04205,C6748041103,462974,201502,20150428,000000000000,000000393543,,  000,000,000,012                                                              
   04205,C6750491105,648048,201503,20150428,000000388680,000000000000,,  000,000,000,012                                                              
   04205,C6911292103,899436,201207,20150428,000002541985,000000000000,,  000,000,000,012                                                              
   04205,N8410006106,157934,201503,20150428,000000625891,000000000000,,  000,000,000,012                                                              
   05125,C6213182101,009209,201502,20150428,000002678497,000001739867,,  000,000,000,012                                                              
   05207,C6213167102,013760,201502,20150428,000000201621,000000000000,,  000,000,000,012                                                              
   05207,C6213167102,755531,201501,20150428,000000225687,000000000000,,  000,000,000,012                                                              
   05207,C6213167102,909261,201503,20150428,000000220751,000000000000,,  000,000,000,012                                                              
   05253,C6746454100,583248,201409,20150428,000000184835,000000000000,,  000,000,000,012                                                              
   06549,C6748941104,861900,201503,20150428,000001368234,000000000000,,  000,000,000,012                                                              
00000870,C5914567107,099633,200810,20150428,000000000000,000000000000,,  000,000,000,002                                                              
00000870,C5914567107,124856,200808,20150428,000000000000,000000000000,,  000,000,000,002                                                              
00000870,C5914567107,166047,200912,20150428,000000000000,000000000000,,  000,000,000,002                                                              
00000870,C5914567107,338348,201106,20150428,000000000000,000000000000,,  000,000,000,002                                                              
00000870,C5914567107,345350,201108,20150428,000000000000,000000000000,,  000,000,000,002                                                              
00000870,C5914567107,607841,200908,20150428,000000000000,000000000000,,  000,000,000,002                                                              
00000870,C5914567107,667446,200910,20150428,000000000000,000000000000,,  000,000,000,002                                                              
00000870,C5914567107,727522,200806,20150428,000000000000,000000000000,,  000,000,000,002                                                              
00000870,C5914567107,741163,201308,20150428,000000000000,000000000000,,  000,000,000,002                                                              
00000870,C5914567107,791047,200704,20150428,000000000000,000000000000,,  000,000,000,002                                                              
00000870,C6019811101,938656,201501,20150428,000000183199,000000000000,,  000,000,000,002                                                              
00000870,C6737305105,962134,201409,20150428,000000863958,000000000000,,  000,000,000,002                                                              
00000870,C6746804106,811901,201502,20150428,000000000000,000000045899,,  000,000,000,002                                                              
00000870,C6751331102,241112,201502,20150428,000003873093,000000000000,,  000,000,000,002                                                              
00000870,N9410072106,302939,201503,20150428,000000320088,000000000000,,  000,000,000,002                                                              
00000981,C6720638108,712444,201503,20150428,000019557827,000000000000,,  000,000,000,014                                                              
00000981,C6736201107,555106,201503,20150428,000015565435,000000000000,,  000,000,000,014                                                              
00004199,C5913959107,822120,201501,20150428,000005180787,000000000000,,  000,000,000,002                                                              
00004414,C6746083107,861213,201502,20150428,000000063763,000000047925,,  000,000,000,002                                                              
00004414,C7411284137,634967,201006,20150428,000000000000,000000043434,,  000,000,000,002                                                              
00005002,C6748685107,010827,201412,20150428,000000000000,000000000000,,  000,000,000,021                                                              
00005002,C6748686105,823800,201412,20150428,000000000000,000000000000,,  000,000,000,021                                                              
00005002,C6748686105,882221,201410,20150428,000000000000,000000000000,,  000,000,000,021                                                              
00005002,C6749499102,507273,201502,20150428,000000165648,000000000000,,  000,000,000,021                                                              
00100637,C6811648107,208321,201502,20150428,000000000000,000000034946,,  000,000,000,021                                                              
00100637,C7411284137,154519,201008,20150428,000000000000,000000043331,,  000,000,000,021                                                              
00101607,N9510454105,107281,201412,20150428,000000000000,000000029010,,  000,000,000,021                                                              
00101607,N9510454105,590170,201502,20150428,000000063292,000000027969,,  000,000,000,021                                                              
00103027,C6022680105,057416,201412,20150428,000000000000,000000209044,,  000,000,000,021                                                              
00103027,C6022680105,757346,201410,20150428,000000000000,000000217843,,  000,000,000,021                                                              
00103027,C6752901101,663686,201503,20150428,000000251168,000000000000,,  000,000,000,021                                                              
00103027,H5112545108,086499,201012,20150428,000000000000,000000099494,,  000,000,000,021                                                              
00103027,H5112747100,594841,200910,20150428,000000000000,000000072779,,  000,000,000,021                                                              
00721348,C6747572108,230450,201412,20150428,000000004108,000000000000,,  000,000,000,072                                                              
00721349,C6717712106,292518,201503,20150428,000000633647,000000000000,,  000,000,000,072                                                              
00722414,16094607104,355693,201503,20150428,000003220026,000000000000,,  000,000,000,072                                                              
00722416,C6746149106,310376,201502,20150428,000000054530,000000199856,,  000,000,000,072                                                              
00722418,H5111818100,584158,201503,20150428,000000175320,000000000000,,  000,000,000,072                                                              
00724880,C6910887101,304130,201502,20150428,000000135636,000000000000,,  000,000,000,072                                                              
00728846,16011047103,087148,201402,20150428,000000000000,000000000000,,  000,000,000,072                                                              
00728846,16011047103,115384,201406,20150428,000000000000,000000000000,,  000,000,000,072                                                              
00728846,16011047103,267616,201404,20150428,000000000000,000000000000,,  000,000,000,072                                                              
00728846,16011047103,345299,201310,20150428,000000000000,000000000000,,  000,000,000,072                                                              
00728846,16011047103,369087,201208,20150428,000000000000,000000000000,,  000,000,000,072                                                              
00728846,16011047103,489782,201308,20150428,000000000000,000000000000,,  000,000,000,072                                                              
00728846,16011047103,972042,201408,20150428,000000000000,000000000000,,  000,000,000,072                                                              
