00010087,C6017789101,045538,201502,20150513,000000091939,000000115918,,  000,000,000,044                                                              
00010087,C6017789101,116131,201501,20150513,000000053150,000000000000,,  000,000,000,044                                                              
     181,C6023520102,359047,201504,20150513,000000417024,000000332152,,  000,000,000,036                                                              
   00177,C6737596109,489296,201504,20150513,000000881790,000001341626,,  000,000,000,012                                                              
   00562,C6741640109,770712,201504,20150513,000000389575,000000169999,,  000,000,000,012                                                              
   00693,H2511645100,147046,201504,20150513,000000309754,000000218163,,  000,000,000,012                                                              
   00693,O1210075107,224927,201504,20150513,000000819354,000001054106,,  000,000,000,012                                                              
   03484,C6751331102,290260,201504,20150513,000000000000,000000000000,,  000,000,000,012                                                              
   03651,S3910571100,444923,201503,20150513,000000073875,000000000000,,  000,000,000,012                                                              
   04205,C5911319106,453222,201504,20150513,000000869780,000000720049,,  000,000,000,012                                                              
   04205,C5914855106,388130,201504,20150513,000000979928,000000559840,,  000,000,000,012                                                              
   04205,C6022138104,177635,201504,20150513,000007694370,000008480078,,  000,000,000,012                                                              
   04205,C6023241105,981727,201504,20150513,000002366180,000001186546,,  000,000,000,012                                                              
   04205,C6212381100,399360,201504,20150513,000000186309,000000184095,,  000,000,000,012                                                              
   04205,C6213139101,784339,201504,20150513,000002635081,000002364361,,  000,000,000,012                                                              
   04205,C6724124105,407539,201504,20150513,000000969934,000000617570,,  000,000,000,012                                                              
   04205,C6724650109,227806,201504,20150513,000000469476,000000436536,,  000,000,000,012                                                              
   04205,C6726928107,035346,201503,20150513,000000004136,000000000000,,  000,000,000,012                                                              
   04205,C6726928107,261883,201502,20150513,000000003660,000000006245,,  000,000,000,012                                                              
   04205,C6726928107,503916,201501,20150513,000000004104,000000000000,,  000,000,000,012                                                              
   04205,C6735127105,513893,201504,20150513,000002572076,000002114403,,  000,000,000,012                                                              
   04205,C6738235103,201214,201504,20150513,000000438951,000000483292,,  000,000,000,012                                                              
   04205,C6740540102,017316,201504,20150513,000000000000,000000038906,,  000,000,000,012                                                              
   04205,C6751194104,542874,201503,20150513,000000008678,000000000000,,  000,000,000,012                                                              
   04205,C6752235104,252173,201504,20150513,000001340002,000000924060,,  000,000,000,012                                                              
   04205,L4510017137,095209,201502,20150513,000000000000,000000000000,,  000,000,000,012                                                              
   04205,L4510017137,209909,201310,20150513,000000000000,000000000000,,  000,000,000,012                                                              
   04205,L4510017137,568371,201312,20150513,000000000000,000000000000,,  000,000,000,012                                                              
   04205,N8513141107,372605,201504,20150513,000000435734,000000363148,,  000,000,000,012                                                              
   04205,O1010719102,841499,201504,20150513,000000560034,000000644550,,  000,000,000,012                                                              
   05125,C6751045108,604164,201504,20150513,000000143896,000000088207,,  000,000,000,012                                                              
   05253,C6752355100,205681,201504,20150513,000000626739,000000281550,,  000,000,000,012                                                              
   06534,C6726021101,857387,201504,20150513,000000660439,000000245531,,  000,000,000,012                                                              
   06542,C6746838104,218376,201504,20150513,000000105639,000000060012,,  000,000,000,012                                                              
   06542,C6750295100,575035,201503,20150513,000001225144,000000000000,,  000,000,000,012                                                              
   06558,C7210817103,234779,201504,20150513,000000057237,000000026584,,  000,000,000,012                                                              
   06569,C6812114109,039711,201504,20150513,000000070707,000000066013,,  000,000,000,012                                                              
00000092,C6737903107,550605,201504,20150513,000000281687,000000344281,,  000,000,000,002                                                              
00000092,C6744822100,853130,201504,20150513,000000546138,000000298566,,  000,000,000,002                                                              
00000537,C6750168109,782140,201504,20150513,000000225049,000000116975,,  000,000,000,002                                                              
00000537,O0610698104,657630,201504,20150513,000000288053,000000156727,,  000,000,000,002                                                              
00000777,H2510631101,187050,201504,20150513,000000117286,000000054738,,  000,000,000,002                                                              
00000870,C6022063104,375001,201501,20150513,000000003998,000000000000,,  000,000,000,002                                                              
00000870,C6022063104,396425,201502,20150513,000000003566,000000005815,,  000,000,000,002                                                              
00000870,C6023287108,748798,201503,20150513,000000056279,000000000000,,  000,000,000,002                                                              
00000870,C6715904101,833900,201504,20150513,000005129194,000005048849,,  000,000,000,002                                                              
00000870,C6736355101,092705,201504,20150513,000006248805,000007409445,,  000,000,000,002                                                              
00000870,C6740235109,054221,201503,20150513,000001104523,000000000000,,  000,000,000,002                                                              
00000870,C6744779102,711004,201504,20150513,000001678684,000002208167,,  000,000,000,002                                                              
00000870,C6745227101,870628,201504,20150513,000021890939,000021179035,,  000,000,000,002                                                              
00000870,C6745644107,350476,201504,20150513,000000691807,000000484203,,  000,000,000,002                                                              
00000870,C6748554105,321144,201504,20150513,000000132560,000000095453,,  000,000,000,002                                                              
00000870,C6749141100,128256,201503,20150513,000000778209,000000000000,,  000,000,000,002                                                              
00000870,C6749141100,621995,201504,20150513,000005204826,000004588200,,  000,000,000,002                                                              
00000870,C6749977107,220700,201504,20150513,000000648797,000000667900,,  000,000,000,002                                                              
00000870,C6750344106,852409,201504,20150513,000015686007,000008941880,,  000,000,000,002                                                              
00000870,C6751082101,649879,201504,20150513,000000763054,000000898806,,  000,000,000,002                                                              
00000870,H2511026103,116295,201504,20150513,000036761474,000055388488,,  000,000,000,002                                                              
00000981,C5915069103,513494,201504,20150513,000006461641,000006926001,,  000,000,000,014                                                              
00000981,C6023660106,947654,201504,20150513,000000158904,000000122881,,  000,000,000,014                                                              
00000981,C6213147104,987468,201504,20150513,000000936471,000000812978,,  000,000,000,014                                                              
00000981,C6735925102,609753,201504,20150513,000004774879,000005664855,,  000,000,000,014                                                              
00000981,C6751813109,677665,201504,20150513,000000123104,000000057007,,  000,000,000,014                                                              
00000981,O1510208135,688549,201503,20150513,000000231831,000000000000,,  000,000,000,014                                                              
00004441,C6741860103,905666,201504,20150513,000000291670,000000133975,,  000,000,000,002                                                              
00004469,C6019366106,257774,201504,20150513,000000148503,000000039588,,  000,000,000,002                                                              
00004469,C6741292109,030081,201504,20150513,000000395268,000000213946,,  000,000,000,002                                                              
00005003,C6744913107,859000,201504,20150513,000001240190,000000604960,,  000,000,000,021                                                              
00100080,H2511586106,639004,201409,20150513,000000343069,000000000000,,  000,000,000,021                                                              
00100080,H2511586106,672292,201410,20150513,000000348865,000000300656,,  000,000,000,021                                                              
00100083,C6717793106,592628,201504,20150513,000005002775,000005327065,,  000,000,000,021                                                              
00100524,C6015666103,504921,201504,20150513,000010672881,000012213997,,  000,000,000,021                                                              
00101151,C6746191108,770393,201504,20150513,000000918291,000000339425,,  000,000,000,021                                                              
00101903,C5910400105,188561,201502,20150513,000000000000,000000110613,,  000,000,000,021                                                              
00101915,H2511153105,969703,201504,20150513,000000266229,000000131078,,  000,000,000,021                                                              
00720713,C6748152108,401593,201504,20150513,000000222420,000000103742,,  000,000,000,072                                                              
00720713,C6748795104,211386,201504,20150513,000000056283,000000027319,,  000,000,000,072                                                              
00721348,C6749695105,583534,201504,20150513,000000059895,000000034450,,  000,000,000,072                                                              
00721348,C6752057102,939414,201504,20150513,000000090832,000000058044,,  000,000,000,072                                                              
00722402,C6751036107,974492,201504,20150513,000000185534,000000116014,,  000,000,000,072                                                              
00722409,C6751509103,780128,201504,20150513,000000627093,000000382209,,  000,000,000,072                                                              
00722417,O1110491107,431587,201503,20150513,000000524241,000000000000,,  000,000,000,072                                                              
00722428,C6753008104,766914,201504,20150513,000000163021,000000086894,,  000,000,000,072                                                              
00722431,C6744072102,617942,201504,20150513,000000236354,000000104712,,  000,000,000,072                                                              
00722445,C7411310106,114889,201504,20150513,000000304458,000000183630,,  000,000,000,072                                                              
00724880,C6023723102,054695,201504,20150513,000000225959,000000149598,,  000,000,000,072                                                              
00724880,C6737873102,668728,201504,20150513,000000512674,000000418146,,  000,000,000,072                                                              
00728846,16010530109,232525,201503,20150513,000011760557,000000000000,,  000,000,000,072                                                              
00728846,C5913395104,443107,201504,20150513,000018571416,000013866614,,  000,000,000,072                                                              
00728846,C6023087102,509542,201504,20150513,000000073261,000000166262,,  000,000,000,072                                                              
00728846,C6213138103,257596,201412,20150513,000000000000,000000052580,,  000,000,000,072                                                              
00728846,C6722219105,091179,201504,20150513,000001872465,000002365357,,  000,000,000,072                                                              
00728846,C6749095108,892524,201504,20150513,000000106581,000000104818,,  000,000,000,072                                                              
00728846,C6750294103,165169,201504,20150513,000000439472,000000208484,,  000,000,000,072                                                              
00728846,C6751468102,784538,201502,20150513,000002321227,000002208051,,  000,000,000,072                                                              
00728846,C6752058100,371681,201504,20150513,000000108466,000000123521,,  000,000,000,072                                                              
00728846,C6752388101,755262,201504,20150513,000001987346,000003258273,,  000,000,000,072                                                              
00728846,C6752628100,466531,201504,20150513,000000156038,000000076359,,  000,000,000,072                                                              
00728846,C6810970106,176674,201504,20150513,000005144054,000004155033,,  000,000,000,072                                                              
00728846,H5110445103,275580,201504,20150513,000025787970,000037342946,,  000,000,000,072                                                              
00728846,H5112960109,549491,201504,20150513,000001596487,000002145675,,  000,000,000,072                                                              
00728846,N9110436106,469856,201504,20150513,000007594013,000000000000,,  000,000,000,072                                                              
00728846,S4810526103,969457,201504,20150513,000001059798,000000751221,,  000,000,000,072                                                              
058     ,C6710083109,756446,201504,20150513,000027723026,000029666430,,  000,000,000,062                                                              
501     ,C6742849105,794685,201504,20150513,000000628152,000000813953,,  000,000,000,062                                                              
MM      ,C6720918104,020763,201502,20150513,000000130158,000000000000,,  000,000,000,030                                                              
MM      ,C6720918104,050187,201109,20150513,000000105213,000000000000,,  000,000,000,030                                                              
MM      ,C6720918104,053638,201311,20150513,000000077792,000000000000,,  000,000,000,030                                                              
MM      ,C6720918104,060284,201411,20150513,000000144928,000000000000,,  000,000,000,030                                                              
MM      ,C6720918104,071785,201111,20150513,000000101820,000000000000,,  000,000,000,030                                                              
MM      ,C6720918104,079321,201106,20150513,000000000000,000000081409,,  000,000,000,030                                                              
MM      ,C6720918104,103418,201307,20150513,000000085180,000000000000,,  000,000,000,030                                                              
MM      ,C6720918104,118697,201310,20150513,000000081901,000000000000,,  000,000,000,030                                                              
MM      ,C6720918104,131652,201206,20150513,000000000000,000000071116,,  000,000,000,030                                                              
MM      ,C6720918104,165639,201501,20150513,000000145977,000000000000,,  000,000,000,030                                                              
MM      ,C6720918104,167525,201210,20150513,000000000000,000000067585,,  000,000,000,030                                                              
MM      ,C6720918104,168803,201107,20150513,000000110822,000000000000,,  000,000,000,030                                                              
MM      ,C6720918104,182370,201206,20150513,000000093654,000000000000,,  000,000,000,030                                                              
MM      ,C6720918104,186236,201103,20150513,000000106484,000000000000,,  000,000,000,030                                                              
MM      ,C6720918104,196887,201207,20150513,000000095448,000000000000,,  000,000,000,030                                                              
MM      ,C6720918104,200771,201204,20150513,000000095319,000000000000,,  000,000,000,030                                                              
MM      ,C6720918104,283303,201303,20150513,000000087969,000000000000,,  000,000,000,030                                                              
MM      ,C6720918104,294832,201308,20150513,000000084154,000000000000,,  000,000,000,030                                                              
MM      ,C6720918104,316932,201401,20150513,000000079658,000000000000,,  000,000,000,030                                                              
MM      ,C6720918104,332374,201306,20150513,000000083154,000000000000,,  000,000,000,030                                                              
MM      ,C6720918104,351118,201105,20150513,000000113014,000000000000,,  000,000,000,030                                                              
MM      ,C6720918104,372903,201112,20150513,000000000000,000000075169,,  000,000,000,030                                                              
MM      ,C6720918104,377298,201205,20150513,000000098008,000000000000,,  000,000,000,030                                                              
MM      ,C6720918104,388030,201503,20150513,000000141949,000000000000,,  000,000,000,030                                                              
MM      ,C6720918104,401543,201104,20150513,000000000000,000000079311,,  000,000,000,030                                                              
MM      ,C6720918104,419170,201110,20150513,000000107173,000000000000,,  000,000,000,030                                                              
MM      ,C6720918104,422792,201402,20150513,000000071073,000000000000,,  000,000,000,030                                                              
MM      ,C6720918104,442373,201212,20150513,000000089569,000000000000,,  000,000,000,030                                                              
MM      ,C6720918104,448161,201202,20150513,000000096862,000000000000,,  000,000,000,030                                                              
MM      ,C6720918104,464897,201301,20150513,000000090615,000000000000,,  000,000,000,030                                                              
MM      ,C6720918104,482463,201312,20150513,000000079166,000000000000,,  000,000,000,030                                                              
MM      ,C6720918104,485546,201312,20150513,000000000000,000000056866,,  000,000,000,030                                                              
MM      ,C6720918104,532712,201406,20150513,000000073225,000000000000,,  000,000,000,030                                                              
MM      ,C6720918104,588778,201108,20150513,000000109810,000000000000,,  000,000,000,030                                                              
MM      ,C6720918104,599696,201407,20150513,000000159570,000000000000,,  000,000,000,030                                                              
MM      ,C6720918104,613990,201201,20150513,000000104578,000000000000,,  000,000,000,030                                                              
MM      ,C6720918104,625943,201408,20150513,000000157364,000000000000,,  000,000,000,030                                                              
MM      ,C6720918104,634868,201306,20150513,000000000000,000000061684,,  000,000,000,030                                                              
MM      ,C6720918104,641460,201404,20150513,000000074597,000000000000,,  000,000,000,030                                                              
MM      ,C6720918104,647882,201202,20150513,000000000000,000000072135,,  000,000,000,030                                                              
MM      ,C6720918104,650597,201112,20150513,000000103543,000000000000,,  000,000,000,030                                                              
MM      ,C6720918104,663923,201304,20150513,000000084327,000000000000,,  000,000,000,030                                                              
MM      ,C6720918104,699639,201305,20150513,000000086650,000000000000,,  000,000,000,030                                                              
MM      ,C6720918104,711851,201106,20150513,000000108564,000000000000,,  000,000,000,030                                                              
MM      ,C6720918104,719663,201210,20150513,000000091935,000000000000,,  000,000,000,030                                                              
MM      ,C6720918104,727828,201204,20150513,000000000000,000000072371,,  000,000,000,030                                                              
MM      ,C6720918104,731974,201212,20150513,000000000000,000000065853,,  000,000,000,030                                                              
MM      ,C6720918104,754720,201504,20150513,000000136634,000000000000,,  000,000,000,030                                                              
MM      ,C6720918104,777195,201203,20150513,000000098973,000000000000,,  000,000,000,030                                                              
MM      ,C6720918104,786746,201409,20150513,000000150053,000000000000,,  000,000,000,030                                                              
MM      ,C6720918104,805259,201304,20150513,000000000000,000000062545,,  000,000,000,030                                                              
MM      ,C6720918104,814280,201209,20150513,000000090183,000000000000,,  000,000,000,030                                                              
MM      ,C6720918104,828479,201211,20150513,000000087626,000000000000,,  000,000,000,030                                                              
MM      ,C6720918104,849430,201310,20150513,000000000000,000000058820,,  000,000,000,030                                                              
MM      ,C6720918104,860679,201208,20150513,000000000000,000000070510,,  000,000,000,030                                                              
MM      ,C6720918104,867535,201208,20150513,000000094377,000000000000,,  000,000,000,030                                                              
MM      ,C6720918104,901242,201410,20150513,000000152592,000000000000,,  000,000,000,030                                                              
MM      ,C6720918104,903011,201308,20150513,000000000000,000000061417,,  000,000,000,030                                                              
MM      ,C6720918104,906729,201108,20150513,000000000000,000000081007,,  000,000,000,030                                                              
MM      ,C6720918104,914474,201403,20150513,000000077706,000000000000,,  000,000,000,030                                                              
MM      ,C6720918104,933469,201412,20150513,000000146766,000000000000,,  000,000,000,030                                                              
MM      ,C6720918104,936125,201309,20150513,000000080392,000000000000,,  000,000,000,030                                                              
MM      ,C6720918104,939028,201405,20150513,000000076567,000000000000,,  000,000,000,030                                                              
MM      ,C6720918104,951547,201104,20150513,000000109363,000000000000,,  000,000,000,030                                                              
MM      ,C6720918104,951823,201302,20150513,000000000000,000000062049,,  000,000,000,030                                                              
MM      ,C6720918104,983266,201302,20150513,000000080739,000000000000,,  000,000,000,030                                                              
MM      ,C6720918104,997914,201110,20150513,000000000000,000000077790,,  000,000,000,030                                                              
MM      ,C6752236102,700802,201504,20150513,000002516010,000001339722,,  000,000,000,030                                                              
