   00561,C6744238109,413948,201412,20150422,000000000000,000000394005,,  000,000,000,012                                                              
   04205,C6017282107,556072,201503,20150422,000003096090,000000000000,,  000,000,000,012                                                              
   04205,C6017282107,584785,201502,20150422,000002839036,000002476334,,  000,000,000,012                                                              
   04205,C6714445106,868297,201008,20150422,000000000000,000000055856,,  000,000,000,012                                                              
   04205,C6735898101,120336,200808,20150422,000000000000,000000015662,,  000,000,000,012                                                              
   04205,C6735898101,486719,200902,20150422,000000000000,000000000000,,  000,000,000,012                                                              
   04205,C6735898101,693829,200702,20150422,000000000000,000000000000,,  000,000,000,012                                                              
   04205,C6735898101,926382,200710,20150422,000000000000,000000000000,,  000,000,000,012                                                              
   04205,C6735898101,942527,200804,20150422,000000000000,000000000000,,  000,000,000,012                                                              
   04205,C6748041103,528190,201502,20150422,000000594057,000000000000,,  000,000,000,012                                                              
   04205,C6752753106,975486,201502,20150422,000000418487,000000348023,,  000,000,000,012                                                              
   04205,C6810058100,753837,201503,20150422,000007946248,000000000000,,  000,000,000,012                                                              
   04205,N8513211108,226601,201503,20150422,000001877695,000000000000,,  000,000,000,012                                                              
   04205,O1010308104,550895,201503,20150422,000000062090,000000000000,,  000,000,000,012                                                              
   06534,C6020266105,276404,201012,20150422,000000000000,000000164352,,  000,000,000,012                                                              
   06534,C6020266105,789359,201502,20150422,000001855748,000001212939,,  000,000,000,012                                                              
00000016,N9210669101,812374,201503,20150422,000000203528,000000000000,,  000,000,000,002                                                              
00000131,C6017494108,156624,201503,20150422,000000425101,000000000000,,  000,000,000,002                                                              
00000131,C6017494108,627540,201503,20150422,000000468052,000000000000,,  000,000,000,002                                                              
00000131,C6744701106,056683,200904,20150422,000000000000,000000000000,,  000,000,000,002                                                              
00000131,C6744701106,073910,200806,20150422,000000000000,000000000000,,  000,000,000,002                                                              
00000131,C6744701106,121793,200810,20150422,000000000000,000000000000,,  000,000,000,002                                                              
00000131,C6744701106,313796,201112,20150422,000000000000,000000000000,,  000,000,000,002                                                              
00000131,C6744701106,397881,200812,20150422,000000000000,000000000000,,  000,000,000,002                                                              
00000131,C6744701106,421562,200902,20150422,000000000000,000000000000,,  000,000,000,002                                                              
00000131,C6744701106,432908,201106,20150422,000000000000,000000000000,,  000,000,000,002                                                              
00000131,C6744701106,466453,200804,20150422,000000000000,000000000000,,  000,000,000,002                                                              
00000131,C6744701106,556571,201308,20150422,000000000000,000000000000,,  000,000,000,002                                                              
00000131,C6744701106,706826,201202,20150422,000000000000,000000000000,,  000,000,000,002                                                              
00000131,C6744701106,722646,200808,20150422,000000000000,000000000000,,  000,000,000,002                                                              
00000285,16012066102,953217,201502,20150422,000000562450,000000621522,,  000,000,000,002                                                              
00000285,C6753211104,759376,201503,20150422,000000120462,000000000000,,  000,000,000,002                                                              
00000285,H2511612100,403051,201302,20150422,000000000000,000000000000,,  000,000,000,002                                                              
00000285,H2511612100,487942,201304,20150422,000000000000,000000000000,,  000,000,000,002                                                              
00000285,H2511612100,643164,201108,20150422,000000000000,000000000000,,  000,000,000,002                                                              
00000285,H2511612100,663338,201408,20150422,000000000000,000000000000,,  000,000,000,002                                                              
00000285,H2511612100,677491,201406,20150422,000000000000,000000000000,,  000,000,000,002                                                              
00000285,H2511612100,769573,201212,20150422,000000000000,000000000000,,  000,000,000,002                                                              
00000285,H2511612100,778572,201404,20150422,000000000000,000000000000,,  000,000,000,002                                                              
00000285,H2511612100,866417,201410,20150422,000000000000,000000000000,,  000,000,000,002                                                              
00000285,H2511612100,970860,201106,20150422,000000000000,000000000000,,  000,000,000,002                                                              
00000870,C5914567107,564048,200804,20150422,000000000000,000000000000,,  000,000,000,002                                                              
00000870,C6023541108,152397,201503,20150422,000000133911,000000000000,,  000,000,000,002                                                              
00000870,C6212977105,593788,201503,20150422,000000229972,000000000000,,  000,000,000,002                                                              
00000870,C6726946109,881832,201503,20150422,000000064642,000000000000,,  000,000,000,002                                                              
00000870,C6740899102,560009,201503,20150422,000001692207,000000000000,,  000,000,000,002                                                              
00000870,C6747729104,413839,201503,20150422,000000270282,000000000000,,  000,000,000,002                                                              
00000870,C7211023107,620094,201503,20150422,000000120744,000000000000,,  000,000,000,002                                                              
00000870,C7211559100,935386,201503,20150422,000000466543,000000000000,,  000,000,000,002                                                              
00000981,C6023473104,044533,201503,20150422,000000144516,000000000000,,  000,000,000,014                                                              
00001831,C6750070107,881313,201503,20150422,000000140741,000000000000,,  000,000,000,014                                                              
00001831,C6752250103,963096,201503,20150422,000000190816,000000000000,,  000,000,000,014                                                              
00004149,C6745216104,557334,201503,20150422,000000261391,000000000000,,  000,000,000,002                                                              
00004199,C6213054102,842831,201503,20150422,000000089035,000000000000,,  000,000,000,002                                                              
00004441,C6753052102,223874,201503,20150422,000000061330,000000000000,,  000,000,000,002                                                              
00004469,C6811967101,599418,201503,20150422,000000671930,000000000000,,  000,000,000,002                                                              
00004577,C6750943105,383064,201306,20150422,000000000000,000000053701,,  000,000,000,002                                                              
00004577,C6751619100,970222,201502,20150422,000000000000,000000015152,,  000,000,000,002                                                              
00004649,C7111170107,793983,201503,20150422,000000090832,000000000000,,  000,000,000,002                                                              
00005003,C6020057108,665733,201503,20150422,000000824333,000000000000,,  000,000,000,021                                                              
00005181,C7411671101,206581,201503,20150422,000000258238,000000000000,,  000,000,000,014                                                              
00006158,C6910802100,139535,201502,20150422,000000270590,000000138744,,  000,000,000,002                                                              
00006158,C6910802100,272954,201503,20150422,000000196609,000000000000,,  000,000,000,002                                                              
00006158,C6910802100,717659,201501,20150422,000000302885,000000000000,,  000,000,000,002                                                              
00006568,C6023516100,015099,201503,20150422,000000062664,000000000000,,  000,000,000,002                                                              
00007163,C5915232107,140953,201503,20150422,000000211259,000000000000,,  000,000,000,002                                                              
00100037,C6110659102,293785,201002,20150422,000000032238,000000008330,,  000,000,000,021                                                              
00100524,C6023447108,329113,201503,20150422,000000119254,000000000000,,  000,000,000,021                                                              
00100560,C6745432107,090147,201411,20150422,000000015926,000000000000,,  000,000,000,021                                                              
00100560,C6745432107,402893,201503,20150422,000000015675,000000000000,,  000,000,000,021                                                              
00100560,C6745432107,642961,201412,20150422,000000016201,000000032006,,  000,000,000,021                                                              
00100560,C6745432107,755309,201410,20150422,000000016767,000000033123,,  000,000,000,021                                                              
00100560,C6745432107,783278,201409,20150422,000000016488,000000000000,,  000,000,000,021                                                              
00100560,C6745432107,854635,201501,20150422,000000016025,000000000000,,  000,000,000,021                                                              
00100560,C6745432107,917062,201502,20150422,000000014316,000000030287,,  000,000,000,021                                                              
00100560,C6747917105,567421,201502,20150422,000000053588,000000026399,,  000,000,000,021                                                              
00101151,C6213108106,853172,201503,20150422,000000216607,000000000000,,  000,000,000,021                                                              
00101607,N9110244104,918813,201502,20150422,000000000000,000000000000,,  000,000,000,021                                                              
00101607,N9110731100,921276,201503,20150422,000000120384,000000000000,,  000,000,000,021                                                              
00720714,N8910569108,540014,201503,20150422,000000484742,000000000000,,  000,000,000,072                                                              
00721348,C6023631107,218788,201503,20150422,000000083404,000000000000,,  000,000,000,072                                                              
00721348,C6745971104,160992,201503,20150422,000001044984,000000000000,,  000,000,000,072                                                              
00721349,C6751842108,032376,201503,20150422,000000391435,000000000000,,  000,000,000,072                                                              
00722409,C6747858101,419212,201503,20150422,000000353034,000000000000,,  000,000,000,072                                                              
00722414,C6811967101,492977,201503,20150422,000000452592,000000000000,,  000,000,000,072                                                              
00722417,C6812194101,498542,201503,20150422,000000063005,000000000000,,  000,000,000,072                                                              
00722424,H2511670108,522087,201503,20150422,000000062090,000000000000,,  000,000,000,072                                                              
00722431,C6021430106,925437,201503,20150422,000000239977,000000000000,,  000,000,000,072                                                              
00722434,C6752294101,245984,201503,20150422,000000190770,000000000000,,  000,000,000,072                                                              
00722445,C7411630107,435234,201502,20150422,000000000000,000000012177,,  000,000,000,072                                                              
00728846,16011647100,934394,201503,20150422,000001118076,000000000000,,  000,000,000,072                                                              
00728846,C5914909101,826301,201412,20150422,000000000000,000000000000,,  000,000,000,072                                                              
00728846,C6021713105,904304,201502,20150422,000000474178,000000364917,,  000,000,000,072                                                              
00728846,C6726769105,203381,201503,20150422,000000573354,000000000000,,  000,000,000,072                                                              
00728846,C6741857109,721288,201502,20150422,000000711016,000000452893,,  000,000,000,072                                                              
00728846,C6751294102,937232,201503,20150422,000000048460,000000000000,,  000,000,000,072                                                              
00728846,N9110436106,693902,201501,20150422,000000002431,000000000000,,  000,000,000,072                                                              
00728846,N9110436106,745443,201501,20150422,000000049424,000000000000,,  000,000,000,072                                                              
00728846,S3910194101,461376,201503,20150422,000000185397,000000000000,,  000,000,000,072                                                              
00728846,S4810112102,306557,201503,20150422,000000187817,000000000000,,  000,000,000,072                                                              
047     ,C5911750102,491722,201502,20150422,000000000000,000000000000,,  000,000,000,062                                                              
