     180,H5113061105,289711,201412,20150204,000000826850,000000377258,,  000,000,000,036                                                              
     181,C6745928104,191552,201501,20150204,000000058678,000000000000,,  000,000,000,036                                                              
   04205,C6019782104,855598,201501,20150204,000000438712,000000000000,,  000,000,000,012                                                              
   04205,C6743663109,046707,201403,20150204,000000006440,000000000000,,  000,000,000,012                                                              
   04205,C6743663109,261845,201412,20150204,000000005703,000000009910,,  000,000,000,012                                                              
   04205,C6743663109,356353,201408,20150204,000000006095,000000010767,,  000,000,000,012                                                              
   04205,C6743663109,415499,201406,20150204,000000006062,000000010887,,  000,000,000,012                                                              
   04205,C6743663109,461615,201407,20150204,000000006183,000000000000,,  000,000,000,012                                                              
   04205,C6743663109,604628,201405,20150204,000000006342,000000000000,,  000,000,000,012                                                              
   04205,C6743663109,721618,201404,20150204,000000006180,000000011099,,  000,000,000,012                                                              
   04205,C6743663109,765043,201409,20150204,000000005809,000000000000,,  000,000,000,012                                                              
   04205,C6743663109,863868,201411,20150204,000000005608,000000000000,,  000,000,000,012                                                              
   04205,C6743663109,991853,201410,20150204,000000005906,000000010261,,  000,000,000,012                                                              
   04205,C6752745102,038586,201501,20150204,000000977523,000000000000,,  000,000,000,012                                                              
   04205,C6752970106,071436,201409,20150204,000000116066,000000000000,,  000,000,000,012                                                              
   04205,C6752970106,239662,201402,20150204,000000082270,000000006260,,  000,000,000,012                                                              
   04205,C6752970106,243675,201404,20150204,000000122493,000000000000,,  000,000,000,012                                                              
   04205,C6752970106,255682,201405,20150204,000000135356,000000000000,,  000,000,000,012                                                              
   04205,C6752970106,313102,201407,20150204,000000122520,000000000000,,  000,000,000,012                                                              
   04205,C6752970106,339219,201411,20150204,000000110059,000000000000,,  000,000,000,012                                                              
   04205,C6752970106,393792,201412,20150204,000000084941,000000000000,,  000,000,000,012                                                              
   04205,C6752970106,464932,201401,20150204,000000068411,000000000000,,  000,000,000,012                                                              
   04205,C6752970106,702915,201408,20150204,000000120800,000000000000,,  000,000,000,012                                                              
   04205,C6752970106,778683,201403,20150204,000000146782,000000000000,,  000,000,000,012                                                              
   04205,C6752970106,785975,201406,20150204,000000120167,000000000000,,  000,000,000,012                                                              
   04205,C6752970106,894438,201410,20150204,000000119846,000000000000,,  000,000,000,012                                                              
   04205,C6810423106,690799,201410,20150204,000000000000,000000000000,,  000,000,000,012                                                              
   04205,N9310060102,271298,201501,20150204,000003404329,000000000000,,  000,000,000,012                                                              
   04744,C5914158105,097352,200612,20150204,000000000000,000000109927,,  000,000,000,012                                                              
   04744,C5914158105,234137,200606,20150204,000000000000,000000113560,,  000,000,000,012                                                              
   04744,C5914158105,405455,200702,20150204,000000000000,000000105152,,  000,000,000,012                                                              
   04744,C5914158105,462018,200710,20150204,000000000000,000000103871,,  000,000,000,012                                                              
   04744,C5914158105,574453,200708,20150204,000000000000,000000106804,,  000,000,000,012                                                              
   04744,C5914158105,732140,200704,20150204,000000000000,000000107505,,  000,000,000,012                                                              
   04744,C5914158105,747433,200608,20150204,000000000000,000000114190,,  000,000,000,012                                                              
   04744,C5914158105,760998,200604,20150204,000000000000,000000114771,,  000,000,000,012                                                              
   04744,C5914158105,767007,200806,20150204,000000000000,000000050326,,  000,000,000,012                                                              
   04744,C5914158105,775947,200610,20150204,000000000000,000000111138,,  000,000,000,012                                                              
   04744,C5914158105,805172,200706,20150204,000000000000,000000106293,,  000,000,000,012                                                              
   04744,C5914158105,861274,200712,20150204,000000000000,000000102660,,  000,000,000,012                                                              
   04744,C5914158105,930723,200804,20150204,000000000000,000000100238,,  000,000,000,012                                                              
   04744,C5914158105,958817,200802,20150204,000000000000,000000099785,,  000,000,000,012                                                              
   06543,N8512460102,220177,201412,20150204,000000616967,000000358829,,  000,000,000,012                                                              
   06560,N8410514109,975501,201412,20150204,000000232848,000000132733,,  000,000,000,012                                                              
00000131,C6020350107,820762,201501,20150204,000000211316,000000000000,,  000,000,000,002                                                              
00000131,C6744249106,440716,201501,20150204,000000399213,000000000000,,  000,000,000,002                                                              
00000167,C6213132106,419548,201208,20150204,000000000000,000000000000,,  000,000,000,014                                                              
00000167,C6752657109,364331,201302,20150204,000000000000,000000000000,,  000,000,000,014                                                              
00000167,C6752657109,393639,201304,20150204,000000000000,000000000000,,  000,000,000,014                                                              
00000167,C6752657109,538290,201212,20150204,000000000000,000000000000,,  000,000,000,014                                                              
00000167,C6752657109,821499,201210,20150204,000000000000,000000000000,,  000,000,000,014                                                              
00000285,C6738269102,076683,201412,20150204,000000774145,000000454654,,  000,000,000,002                                                              
00000305,C6737611106,043712,201501,20150204,000000473364,000000000000,,  000,000,000,002                                                              
00000305,C6737611106,069832,201308,20150204,000000562261,000000234150,,  000,000,000,002                                                              
00000305,C6737611106,071420,201403,20150204,000000525294,000000000000,,  000,000,000,002                                                              
00000305,C6737611106,075887,201312,20150204,000000531426,000000217728,,  000,000,000,002                                                              
00000305,C6737611106,104428,201305,20150204,000000579348,000000000000,,  000,000,000,002                                                              
00000305,C6737611106,298791,201311,20150204,000000519351,000000000000,,  000,000,000,002                                                              
00000305,C6737611106,331863,201405,20150204,000000517230,000000000000,,  000,000,000,002                                                              
00000305,C6737611106,346229,201401,20150204,000000538769,000000000000,,  000,000,000,002                                                              
00000305,C6737611106,347760,201307,20150204,000000569212,000000000000,,  000,000,000,002                                                              
00000305,C6737611106,498345,201310,20150204,000000546945,000000224098,,  000,000,000,002                                                              
00000305,C6737611106,506765,201402,20150204,000000480592,000000210847,,  000,000,000,002                                                              
00000305,C6737611106,511088,201410,20150204,000000481740,000000197372,,  000,000,000,002                                                              
00000305,C6737611106,528124,201406,20150204,000000494536,000000209370,,  000,000,000,002                                                              
00000305,C6737611106,568495,201408,20150204,000000497168,000000207025,,  000,000,000,002                                                              
00000305,C6737611106,612464,201304,20150204,000000563976,000000238770,,  000,000,000,002                                                              
00000305,C6737611106,632120,201407,20150204,000000504259,000000000000,,  000,000,000,002                                                              
00000305,C6737611106,656942,201306,20150204,000000555884,000000235333,,  000,000,000,002                                                              
00000305,C6737611106,727936,201411,20150204,000000457401,000000000000,,  000,000,000,002                                                              
00000305,C6737611106,775294,201412,20150204,000000465150,000000190575,,  000,000,000,002                                                              
00000305,C6737611106,865082,201309,20150204,000000536956,000000000000,,  000,000,000,002                                                              
00000305,C6737611106,875818,201404,20150204,000000504112,000000213416,,  000,000,000,002                                                              
00000305,C6737611106,875938,201409,20150204,000000473886,000000000000,,  000,000,000,002                                                              
00000305,C6744017107,089520,201501,20150204,000000395368,000000000000,,  000,000,000,002                                                              
00000870,C6737751100,119118,201412,20150204,000000729648,000000403747,,  000,000,000,002                                                              
00000870,C6911390105,115699,201112,20150204,000000376249,000000428355,,  000,000,000,002                                                              
00000870,C6911390105,235508,201103,20150204,000000056847,000000000000,,  000,000,000,002                                                              
00000870,C6911390105,259146,201201,20150204,000000015628,000000000000,,  000,000,000,002                                                              
00000870,C6911390105,313136,201107,20150204,000000008265,000000000000,,  000,000,000,002                                                              
00000870,C6911390105,520671,201108,20150204,000000012836,000000011928,,  000,000,000,002                                                              
00000870,C6911390105,731625,201111,20150204,000000357695,000000000000,,  000,000,000,002                                                              
00000870,C6911390105,974014,201104,20150204,000000056431,000000064957,,  000,000,000,002                                                              
00000870,C6911390105,993662,201105,20150204,000000167215,000000000000,,  000,000,000,002                                                              
00007163,C6212350105,014708,200812,20150204,000000000000,000000000000,,  000,000,000,002                                                              
00007163,C6212350105,053003,201110,20150204,000000000000,000000000000,,  000,000,000,002                                                              
00007163,C6212350105,240394,201006,20150204,000000000000,000000000000,,  000,000,000,002                                                              
00007163,C6212350105,242900,201206,20150204,000000000000,000000000000,,  000,000,000,002                                                              
00007163,C6212350105,311855,201104,20150204,000000000000,000000000000,,  000,000,000,002                                                              
00007163,C6212350105,344900,201212,20150204,000000000000,000000000000,,  000,000,000,002                                                              
00007163,C6212350105,428012,201208,20150204,000000000000,000000000000,,  000,000,000,002                                                              
00007163,C6212350105,443567,201106,20150204,000000000000,000000000000,,  000,000,000,002                                                              
00007163,C6212350105,454388,200706,20150204,000000000000,000000000000,,  000,000,000,002                                                              
00007163,C6212350105,571205,201410,20150204,000000000000,000000000000,,  000,000,000,002                                                              
00007163,C6212350105,575394,200702,20150204,000000000000,000000000000,,  000,000,000,002                                                              
00007163,C6212350105,589674,201108,20150204,000000000000,000000000000,,  000,000,000,002                                                              
00007163,C6212350105,623082,201204,20150204,000000000000,000000000000,,  000,000,000,002                                                              
00007163,C6212350105,811061,201302,20150204,000000000000,000000000000,,  000,000,000,002                                                              
00007163,C6212350105,845891,200708,20150204,000000000000,000000000000,,  000,000,000,002                                                              
00007163,C6212350105,868470,201112,20150204,000000000000,000000000000,,  000,000,000,002                                                              
00007163,C6212350105,921509,201210,20150204,000000000000,000000000000,,  000,000,000,002                                                              
00007163,C6212350105,935081,201404,20150204,000000000000,000000000000,,  000,000,000,002                                                              
00007163,C6212350105,975605,201202,20150204,000000000000,000000000000,,  000,000,000,002                                                              
00007742,C6732241107,671209,201006,20150204,000000000000,000000344483,,  000,000,000,014                                                              
00007742,C6732241107,890748,201112,20150204,000000000000,000000281822,,  000,000,000,014                                                              
00007742,C6732241107,912273,201206,20150204,000000000000,000000274860,,  000,000,000,014                                                              
00101150,C6732598100,121054,201411,20150204,000000160917,000000000000,,  000,000,000,021                                                              
00721349,C6751941108,537635,201412,20150204,000000084566,000000081292,,  000,000,000,072                                                              
00722408,C6020112101,078590,201412,20150204,000000131944,000000054450,,  000,000,000,072                                                              
00722417,H5112993100,307538,201408,20150204,000000000000,000000094770,,  000,000,000,072                                                              
00722430,C6022598109,514701,201412,20150204,000000059806,000000032904,,  000,000,000,072                                                              
00722434,C6752294101,538449,201410,20150204,000000191038,000000000000,,  000,000,000,072                                                              
00727616,C6023606109,103768,201404,20150204,000000000000,000000359566,,  000,000,000,072                                                              
00727616,C6023606109,457998,201312,20150204,000000000000,000000486928,,  000,000,000,072                                                              
00727616,C6023606109,695767,201402,20150204,000000000000,000000471330,,  000,000,000,072                                                              
00728846,C6020240100,645020,201501,20150204,000000322731,000000000000,,  000,000,000,072                                                              
00728846,C7211148102,891471,201412,20150204,000000076290,000000033280,,  000,000,000,072                                                              
