   04205,C5915155100,104973,201503,20150429,000000414093,000000000000,,  000,000,000,012                                                              
   04205,C6213146106,049584,201503,20150429,000000482847,000000000000,,  000,000,000,012                                                              
   04205,C6213146106,331417,201503,20150429,000001516658,000000000000,,  000,000,000,012                                                              
   04205,C6723447101,395424,201503,20150429,000003246578,000000000000,,  000,000,000,012                                                              
   04205,C6748799106,501387,201304,20150429,000000000000,000000000000,,  000,000,000,012                                                              
   04205,C6748799106,508708,201308,20150429,000000000000,000000000000,,  000,000,000,012                                                              
   04205,C6748799106,684774,201212,20150429,000000000000,000000000000,,  000,000,000,012                                                              
   04205,C6748799106,824162,201302,20150429,000000000000,000000000000,,  000,000,000,012                                                              
   04205,C6752729106,204907,201503,20150429,000002249894,000000000000,,  000,000,000,012                                                              
   04205,C6811927105,189568,201503,20150429,000000418083,000000000000,,  000,000,000,012                                                              
   04205,N9110670100,099754,201502,20150429,000000000000,000000000000,,  000,000,000,012                                                              
   04205,N9110670100,608619,201502,20150429,000000000000,000001596891,,  000,000,000,012                                                              
   06535,C6731590108,995750,201503,20150429,000000086509,000000000000,,  000,000,000,012                                                              
   06560,N8410092106,027550,201503,20150429,000000070025,000000000000,,  000,000,000,012                                                              
00000092,16011393101,711819,201308,20150429,000000000000,000014750754,,  900,000,000,002                                                              
00000092,16011393101,857739,201310,20150429,000000000000,000012988510,,  900,000,000,002                                                              
00000131,C6745578107,151665,201503,20150429,000000059528,000000000000,,  900,000,000,002                                                              
00000285,C6749092105,280484,201503,20150424,000000864130,000000000000,,  000,000,000,002                                                              
00000870,C6022730108,495292,201503,20150424,000003668325,000000000000,,  000,000,000,002                                                              
00000870,C6737305105,197537,201310,20150429,000000000000,000000000000,,  900,000,000,002                                                              
00000870,C6737305105,263555,201308,20150429,000000000000,000000000000,,  900,000,000,002                                                              
00000870,C6737305105,494774,201304,20150429,000000000000,000000000000,,  900,000,000,002                                                              
00000870,C6741402104,013194,200710,20150429,000000000000,000000000000,,  900,000,000,002                                                              
00000870,C6741402104,130989,201010,20150429,000000000000,000000000000,,  900,000,000,002                                                              
00000870,C6741402104,172722,200904,20150429,000000000000,000000000000,,  900,000,000,002                                                              
00000870,C6741402104,192801,201204,20150429,000000000000,000000000000,,  900,000,000,002                                                              
00000870,C6741402104,229642,201106,20150429,000000000000,000000000000,,  900,000,000,002                                                              
00000870,C6741402104,359336,200612,20150429,000000000000,000000000000,,  900,000,000,002                                                              
00000870,C6741402104,378740,200906,20150429,000000000000,000000000000,,  900,000,000,002                                                              
00000870,C6741402104,410914,201110,20150429,000000000000,000000000000,,  900,000,000,002                                                              
00000870,C6741402104,533723,200804,20150429,000000000000,000000000000,,  900,000,000,002                                                              
00000870,C6741402104,642557,200810,20150429,000000000000,000000000000,,  900,000,000,002                                                              
00000870,C6741402104,657471,200806,20150429,000000000000,000000000000,,  900,000,000,002                                                              
00000870,C6741402104,673366,201108,20150429,000000000000,000000000000,,  900,000,000,002                                                              
00000870,C6741402104,687596,200704,20150429,000000000000,000000000000,,  900,000,000,002                                                              
00000870,C6741402104,704168,200602,20150429,000000000000,000000000000,,  900,000,000,002                                                              
00000870,C6741402104,792838,201202,20150429,000000000000,000000000000,,  900,000,000,002                                                              
00000870,C6741402104,955132,201112,20150429,000000000000,000000000000,,  900,000,000,002                                                              
00000870,C6747552100,008736,201408,20150424,000000071515,000000040468,,  000,000,000,002                                                              
00000870,C6747552100,011917,201402,20150424,000000065894,000000041139,,  000,000,000,002                                                              
00000870,C6747552100,110769,201502,20150424,000000121818,000000070668,,  000,000,000,002                                                              
00000870,C6747552100,161836,201409,20150424,000000068190,000000000000,,  000,000,000,002                                                              
00000870,C6747552100,167538,201304,20150424,000000013006,000000003957,,  000,000,000,002                                                              
00000870,C6747552100,194245,201307,20150424,000000078825,000000000000,,  000,000,000,002                                                              
00000870,C6747552100,198271,201309,20150424,000000074400,000000000000,,  000,000,000,002                                                              
00000870,C6747552100,282509,201405,20150424,000000074338,000000000000,,  000,000,000,002                                                              
00000870,C6747552100,288008,201410,20150424,000000109606,000000049996,,  000,000,000,002                                                              
00000870,C6747552100,304281,201401,20150424,000000073853,000000000000,,  000,000,000,002                                                              
00000870,C6747552100,329035,201404,20150424,000000072431,000000041669,,  000,000,000,002                                                              
00000870,C6747552100,415456,201312,20150424,000000073269,000000043861,,  000,000,000,002                                                              
00000870,C6747552100,456565,201311,20150424,000000071997,000000000000,,  000,000,000,002                                                              
00000870,C6747552100,458898,201407,20150424,000000072517,000000000000,,  000,000,000,002                                                              
00000870,C6747552100,723928,201305,20150424,000000080189,000000000000,,  000,000,000,002                                                              
00000870,C6747552100,818615,201406,20150424,000000071093,000000040897,,  000,000,000,002                                                              
00000870,C6747552100,839913,201412,20150424,000000134138,000000074680,,  000,000,000,002                                                              
00000870,C6747552100,895469,201306,20150424,000000076955,000000047602,,  000,000,000,002                                                              
00000870,C6747552100,927456,201308,20150424,000000077881,000000047387,,  000,000,000,002                                                              
00000870,C6747552100,937554,201411,20150424,000000131730,000000000000,,  000,000,000,002                                                              
00000870,C6747552100,964967,201403,20150424,000000075450,000000000000,,  000,000,000,002                                                              
00000870,C6747552100,970772,201310,20150424,000000075797,000000045375,,  000,000,000,002                                                              
00000870,C6747552100,998724,201501,20150424,000000136364,000000000000,,  000,000,000,002                                                              
00000981,C6022864105,400871,201503,20150429,000001957046,000000000000,,  000,000,000,014                                                              
00000981,C6738509101,455516,201402,20150429,000000000494,000000000988,,  000,000,000,014                                                              
00000981,C6738509101,569726,201410,20150429,000000000563,000000001116,,  000,000,000,014                                                              
00000981,C6738509101,588206,201401,20150429,000000000691,000000000000,,  000,000,000,014                                                              
00000981,C6738509101,857596,201409,20150429,000000000556,000000000000,,  000,000,000,014                                                              
00004199,C6733593100,200829,201502,20150424,000000000000,000000230417,,  000,000,000,002                                                              
00004414,C6752664105,497917,201503,20150424,000000063388,000000000000,,  000,000,000,002                                                              
00004441,C6020221100,636634,201502,20150424,000000412220,000000267272,,  000,000,000,002                                                              
00004469,C6733334109,401573,201501,20150424,000000515718,000000000000,,  000,000,000,002                                                              
00004469,C6733334109,609429,201412,20150424,000001127763,000000000000,,  000,000,000,002                                                              
00004577,C6740550101,643568,201002,20150429,000000000000,000000026111,,  900,000,000,002                                                              
00004577,C6740550101,880835,200912,20150429,000000000000,000000030423,,  900,000,000,002                                                              
00004577,C6740550101,997881,201410,20150429,000000000000,000000008825,,  900,000,000,002                                                              
00004577,H2511696103,547192,201503,20150429,000000064249,000000000000,,  900,000,000,002                                                              
00010087,C6022415106,935547,201503,20150429,000000003072,000000000000,,  000,000,000,044                                                              
00100084,C6750997101,593498,201503,20150429,000000128856,000000000000,,  000,000,000,021                                                              
00100094,C6751796106,870689,201502,20150429,000000000000,000000587967,,  000,000,000,021                                                              
00100524,C6014381100,007469,201311,20150429,000000192573,000000000000,,  000,000,000,021                                                              
00100560,C6726670105,656233,201404,20150429,000000666969,000000000000,,  000,000,000,021                                                              
00100560,C6726670105,725526,201405,20150429,000000663852,000000000000,,  000,000,000,021                                                              
00100560,C6752542103,345802,201503,20150429,000000080837,000000000000,,  000,000,000,021                                                              
00101151,C6738057101,447746,201503,20150429,000000620575,000000000000,,  000,000,000,021                                                              
00103027,C6752221104,087231,201502,20150429,000000130601,000000101645,,  000,000,000,021                                                              
00720160,C6022926102,741691,201502,20150429,000000000000,000001261593,,  000,000,000,072                                                              
00721998,C6751741102,055367,201503,20150429,000000080445,000000000000,,  000,000,000,072                                                              
00722217,C6110187104,805889,201503,20150429,000000116038,000000000000,,  000,000,000,072                                                              
00722414,C6745745102,956535,201503,20150429,000000075674,000000000000,,  000,000,000,072                                                              
00722416,C6739212101,274940,201503,20150429,000000116880,000000000000,,  000,000,000,072                                                              
00722416,C6910819104,500296,201502,20150429,000000351332,000000308410,,  000,000,000,072                                                              
00722428,O2010260105,395744,201503,20150429,000000074528,000000000000,,  000,000,000,072                                                              
00728846,16094614100,155835,201410,20150429,000000001360,000000001041,,  000,000,000,072                                                              
00728846,C5914909101,564048,201503,20150429,000013211785,000000000000,,  000,000,000,072                                                              
00728846,C6019029100,004666,201503,20150429,000000110321,000000000000,,  000,000,000,072                                                              
00728846,C6022525102,435798,201503,20150429,000000120917,000000000000,,  000,000,000,072                                                              
00728846,C6741857109,416603,201503,20150429,000000726476,000000000000,,  000,000,000,072                                                              
