   00177,C4139605107,058563,201403,20150828,000000017990,000000000000,,  000,000,000,012                                                              
   00177,C4139605107,139626,201410,20150828,000000027949,000000044195,,  000,000,000,012                                                              
   00177,C4139605107,153376,201401,20150828,000000065628,000000000000,,  000,000,000,012                                                              
   00177,C4139605107,344206,201408,20150828,000000042676,000000068310,,  000,000,000,012                                                              
   00177,C4139605107,455267,201405,20150828,000000031191,000000000000,,  000,000,000,012                                                              
   00177,C4139605107,731155,201407,20150828,000000045470,000000000000,,  000,000,000,012                                                              
   00177,C4139605107,779905,201404,20150828,000000017110,000000027345,,  000,000,000,012                                                              
   00177,C4139605107,829112,201412,20150828,000000041896,000000066379,,  000,000,000,012                                                              
   00177,C4139605107,844590,201409,20150828,000000028629,000000000000,,  000,000,000,012                                                              
   00177,C4139605107,896332,201411,20150828,000000040496,000000000000,,  000,000,000,012                                                              
   00177,C4139605107,921706,201402,20150828,000000056886,000000099439,,  000,000,000,012                                                              
   00177,C4139605107,967782,201406,20150828,000000021296,000000043456,,  000,000,000,012                                                              
   00742,C4156618108,992484,201507,20150828,000000059325,000000000000,,  000,000,000,012                                                              
   03475,06040378108,318867,201212,20150828,000000000000,000001202988,,  000,000,000,012                                                              
   04205,06040378108,828681,201506,20150828,000000000000,000000000000,,  000,000,000,012                                                              
   04205,C4149558106,200345,201506,20150828,000005697019,000000000000,,  000,000,000,012                                                              
   04205,C4153143100,087643,201506,20150828,000002928918,000000000000,,  000,000,000,012                                                              
   05074,C4147505109,559210,201507,20150828,000000252417,000000000000,,  000,000,000,012                                                              
   05292,C4132762103,961585,201506,20150828,000000178818,000000000000,,  000,000,000,012                                                              
00000326,06070569105,187172,201506,20150828,000000000000,000000000000,,  000,000,000,002                                                              
00000326,C4155033101,029304,201310,20150828,000000119424,000000000000,,  000,000,000,002                                                              
00000326,C4155033101,089259,201311,20150828,000000112717,000000000000,,  000,000,000,002                                                              
00000326,C4155033101,226598,201308,20150828,000000117695,000000000000,,  000,000,000,002                                                              
00000326,C4155033101,396450,201306,20150828,000000116177,000000000000,,  000,000,000,002                                                              
00000326,C4155033101,439875,201304,20150828,000000023500,000000000000,,  000,000,000,002                                                              
00000326,C4155033101,524984,201303,20150828,000000024903,000000000000,,  000,000,000,002                                                              
00000326,C4155033101,537772,201305,20150828,000000112593,000000000000,,  000,000,000,002                                                              
00000326,C4155033101,539924,201307,20150828,000000119083,000000000000,,  000,000,000,002                                                              
00000326,C4155033101,639968,201301,20150828,000000134864,000000000000,,  000,000,000,002                                                              
00000326,C4155033101,789486,201312,20150828,000000114747,000000000000,,  000,000,000,002                                                              
00000326,C4155033101,916118,201309,20150828,000000115912,000000000000,,  000,000,000,002                                                              
00000326,C4155033101,916485,201302,20150828,000000107892,000000000000,,  000,000,000,002                                                              
00000573,C4154114100,715282,201507,20150828,000005662929,000000000000,,  000,000,000,002                                                              
00000870,C4133477107,474406,201506,20150828,000000000000,000000000000,,  000,000,000,002                                                              
00000870,C4157391101,855811,201506,20150828,000000000000,000000182050,,  000,000,000,002                                                              
00000981,C4151971106,552120,201506,20150828,000000183550,000000245815,,  000,000,000,014                                                              
00004182,C4130972100,179771,201507,20150828,000000355140,000000000000,,  000,000,000,002                                                              
00005002,C3719028102,227044,201408,20150828,000000000000,000000141814,,  000,000,000,021                                                              
00005002,C3719028102,459402,201412,20150828,000000000000,000000130938,,  000,000,000,021                                                              
00005002,C3719028102,517895,201502,20150828,000000000000,000000123959,,  000,000,000,021                                                              
00005002,C3719028102,596565,201504,20150828,000000000000,000000000000,,  000,000,000,021                                                              
00005002,C3719028102,601173,201502,20150828,000000000000,000002032961,,  000,000,000,021                                                              
00005002,C3719028102,768278,201404,20150828,000000000000,000000145791,,  000,000,000,021                                                              
00005002,C3719028102,818207,201406,20150828,000000000000,000000143210,,  000,000,000,021                                                              
00005002,C3719028102,865841,201410,20150828,000000000000,000000135402,,  000,000,000,021                                                              
00005002,C3719028102,981649,201504,20150828,000000000000,000000778241,,  000,000,000,021                                                              
00005002,C3719028102,994637,201402,20150828,000000000000,000000121882,,  000,000,000,021                                                              
00005002,C4153799109,552495,201502,20150828,000000000000,000000000000,,  000,000,000,021                                                              
00010087,C4153329105,082822,201405,20150828,000000179377,000000000000,,  000,000,000,044                                                              
00010087,C4153329105,152991,201407,20150828,000000073055,000000000000,,  000,000,000,044                                                              
00010087,C4153329105,412407,201403,20150828,000000225829,000000000000,,  000,000,000,044                                                              
00010087,C4153329105,565348,201408,20150828,000000071466,000000116304,,  000,000,000,044                                                              
00010087,C4153329105,705021,201412,20150828,000000168561,000000268567,,  000,000,000,044                                                              
00010087,C4153329105,749900,201406,20150828,000000157085,000000268707,,  000,000,000,044                                                              
00010087,C4153329105,764076,201411,20150828,000000165563,000000000000,,  000,000,000,044                                                              
00010087,C4153329105,846593,201404,20150828,000000200360,000000346869,,  000,000,000,044                                                              
00010087,C4153329105,897686,201409,20150828,000000202251,000000000000,,  000,000,000,044                                                              
00010087,C4153329105,979529,201410,20150828,000000189548,000000313511,,  000,000,000,044                                                              
00100565,C4156271106,064476,201507,20150828,000000139434,000000000000,,  000,000,000,021                                                              
00100565,C4156271106,463110,201505,20150828,000000142988,000000000000,,  000,000,000,021                                                              
00100565,C4156271106,807705,201506,20150828,000000136634,000000057358,,  000,000,000,021                                                              
00722069,C4147156101,040871,201507,20150828,000000256690,000000000000,,  000,000,000,072                                                              
