   04205,C6021269108,797384,201412,20150127,000001216110,000000650868,,  000,000,000,012                                                              
   04205,C6750958103,191963,201412,20150127,000000522730,000000407463,,  000,000,000,012                                                              
   04205,C6751988109,696220,201412,20150127,000000409163,000000233212,,  000,000,000,012                                                              
   04205,C6811042103,017098,201412,20150127,000000536534,000000252464,,  000,000,000,012                                                              
   04411,C6735105101,011131,201408,20150127,000000000000,000000000000,,  000,000,000,012                                                              
   04411,C6735105101,420518,201411,20150127,000000085421,000000000000,,  000,000,000,012                                                              
   04411,C6735105101,857994,201412,20150127,000000000000,000000018048,,  000,000,000,012                                                              
   06539,C6212350105,728797,201412,20150127,000000000000,000000000000,,  000,000,000,012                                                              
00000102,O1010740108,345375,201412,20150127,000000000000,000000013930,,  000,000,000,014                                                              
00000870,C6743855101,718421,201412,20150127,000000317832,000000202145,,  000,000,000,002                                                              
00000870,C6751480107,228772,201412,20150127,000000310351,000000150510,,  000,000,000,002                                                              
00000870,C6751480107,413475,201410,20150127,000000321409,000000155872,,  000,000,000,002                                                              
00000870,C6751480107,676611,201411,20150127,000000305185,000000000000,,  000,000,000,002                                                              
00004265,C6746058109,220852,201411,20150127,000000055916,000000000000,,  000,000,000,002                                                              
00004265,C6746058109,725500,201412,20150127,000000027651,000000020560,,  000,000,000,002                                                              
00004367,C6727749106,972728,201110,20150127,000000111946,000000000000,,  000,000,000,002                                                              
00004441,C6022340106,643730,201412,20150127,000000458621,000000460272,,  000,000,000,002                                                              
00005003,C6110102137,652735,201411,20150127,000000217160,000000000000,,  000,000,000,021                                                              
00005003,C6110102137,878307,201412,20150127,000003124424,000001757083,,  000,000,000,021                                                              
00005003,C6744398101,888221,201412,20150127,000000150888,000000060000,,  000,000,000,021                                                              
00005003,C6746553109,454261,201412,20150127,000000173484,000000080920,,  000,000,000,021                                                              
00005003,C6752753106,236412,201411,20150127,000000296906,000000000000,,  000,000,000,021                                                              
00005036,C6748285106,066575,201009,20150127,000000126685,000000000000,,  000,000,000,002                                                              
00005036,C6748285106,671104,201012,20150127,000000000000,000000103794,,  000,000,000,002                                                              
00005036,C6748285106,782025,201010,20150127,000000000000,000000090064,,  000,000,000,002                                                              
00100083,C6714868109,623512,201412,20150127,000001374674,000001223804,,  000,000,000,021                                                              
00100637,C6019986101,305023,200702,20150127,000000000000,000000780355,,  000,000,000,021                                                              
00100737,C6749903103,763001,201212,20150127,000000000000,000000000000,,  000,000,000,021                                                              
00380004,C6745976103,733940,201412,20150127,000000640913,000000481550,,  000,000,000,044                                                              
00380007,C6211915106,632559,201412,20150127,000000000000,000000182878,,  000,000,000,044                                                              
00380007,C6211915106,903728,201410,20150127,000000274138,000000192853,,  000,000,000,044                                                              
00720280,N9010071102,144157,201412,20150127,000000057801,000000032370,,  000,000,000,072                                                              
00720691,C6750689104,147270,201411,20150127,000001806005,000000000000,,  000,000,000,072                                                              
00720691,C6750689104,307278,201412,20150127,000001836565,000001209335,,  000,000,000,072                                                              
00720714,C6745966104,057303,201412,20150127,000000000000,000000216678,,  000,000,000,072                                                              
00721349,C6752298102,134377,201412,20150127,000000382480,000000316649,,  000,000,000,072                                                              
00721473,O0610290100,118813,201412,20150127,000000062037,000000037542,,  000,000,000,072                                                              
00721483,C6023631107,994025,201412,20150127,000000081607,000000035706,,  000,000,000,072                                                              
00722374,C6017155105,993537,201412,20150127,000000069846,000000052598,,  000,000,000,072                                                              
00722402,C6212013109,510977,201412,20150127,000000000000,000000087098,,  000,000,000,072                                                              
00722414,C5914149104,862037,201412,20150127,000000933074,000000567422,,  000,000,000,072                                                              
00722417,C6212013109,689598,201412,20150127,000000223197,000000000000,,  000,000,000,072                                                              
00722418,H5112076104,210594,201411,20150127,000000454844,000000000000,,  000,000,000,072                                                              
00722421,C7111471109,831229,201412,20150127,000000307334,000000182073,,  000,000,000,072                                                              
00722423,C6022719101,566032,201411,20150127,000000138865,000000000000,,  000,000,000,072                                                              
00722423,O1010769107,519619,201412,20150127,000001036927,000000316094,,  000,000,000,072                                                              
00722434,C6752294101,465933,201411,20150127,000000181406,000000000000,,  000,000,000,072                                                              
00724880,C6910887101,640708,201412,20150127,000000000000,000000071258,,  000,000,000,072                                                              
00727561,C5911381106,947242,201411,20150127,000000548139,000000000000,,  000,000,000,072                                                              
00728846,C6022525102,627983,201412,20150127,000000503786,000000405863,,  000,000,000,072                                                              
00728846,C6745518103,209846,201412,20150127,000000426717,000000000000,,  000,000,000,072                                                              
00728846,C6910845109,822410,201412,20150127,000000000000,000006872134,,  000,000,000,072                                                              
