     181,C6023495107,120587,201501,20150218,000000330589,000000000000,,  000,000,000,036                                                              
     181,C6742293106,003243,201411,20150218,000000359778,000000000000,,  000,000,000,036                                                              
     181,C6745054109,794380,201412,20150218,000000124522,000000055445,,  000,000,000,036                                                              
     181,C6747998105,221077,201501,20150218,000000201760,000000000000,,  000,000,000,036                                                              
   00029,C5913021106,705085,201501,20150217,000005494474,000000000000,,  000,000,000,012                                                              
   00029,C6752597107,402792,201501,20150217,000000093951,000000000000,,  000,000,000,012                                                              
   00029,C6752889108,828228,201501,20150217,000000082580,000000000000,,  000,000,000,012                                                              
   00177,C6021238103,819145,201501,20150218,000000058504,000000000000,,  000,000,000,012                                                              
   00177,C6742943106,517788,201501,20150218,000022263509,000000000000,,  000,000,000,012                                                              
   00561,C6723853100,160194,201501,20150218,000000298116,000000000000,,  000,000,000,012                                                              
   00561,N8410184101,225685,201501,20150218,000000454088,000000000000,,  000,000,000,012                                                              
   04205,C5913684101,274879,201501,20150218,000000151178,000000000000,,  000,000,000,012                                                              
   04205,C5914752105,923101,201501,20150218,000000418088,000000000000,,  000,000,000,012                                                              
   04205,C5915029107,307058,201501,20150218,000002365284,000000000000,,  000,000,000,012                                                              
   04205,C5915233105,023917,201501,20150218,000000059190,000000000000,,  000,000,000,012                                                              
   04205,C6020058106,697105,201501,20150218,000000058440,000000000000,,  000,000,000,012                                                              
   04205,C6023144101,342938,201501,20150218,000004301571,000000000000,,  000,000,000,012                                                              
   04205,C6023698106,880759,201501,20150218,000004697491,000000000000,,  000,000,000,012                                                              
   04205,C6023732103,882117,201501,20150218,000002348381,000000000000,,  000,000,000,012                                                              
   04205,C6212202108,067406,201501,20150218,000002136868,000000000000,,  000,000,000,012                                                              
   04205,C6212891108,041741,201501,20150218,000000081401,000000000000,,  000,000,000,012                                                              
   04205,C6733998101,725425,201501,20150218,000000797938,000000000000,,  000,000,000,012                                                              
   04205,C6740307106,105537,201501,20150218,000001694279,000000000000,,  000,000,000,012                                                              
   04205,C6747508102,860984,201501,20150218,000000180576,000000000000,,  000,000,000,012                                                              
   04205,C6747891102,743156,201501,20150218,000000218044,000000000000,,  000,000,000,012                                                              
   04205,C6749224104,270561,201501,20150218,000000464177,000000000000,,  000,000,000,012                                                              
   04205,C6750040100,162038,201501,20150218,000000003594,000000000000,,  000,000,000,012                                                              
   04205,C6750264106,275078,201501,20150218,000000524478,000000000000,,  000,000,000,012                                                              
   04205,C6810647100,687156,201501,20150218,000000702706,000000000000,,  000,000,000,012                                                              
   04205,C6812151101,789654,201501,20150218,000000581858,000000000000,,  000,000,000,012                                                              
   04205,N8411263102,065289,201501,20150218,000000314181,000000000000,,  000,000,000,012                                                              
   04205,N8513211108,432914,201501,20150218,000001541060,000000000000,,  000,000,000,012                                                              
   04205,N8513280103,265663,201501,20150218,000000244298,000000000000,,  000,000,000,012                                                              
   04205,O1010081107,840614,201501,20150218,000000062469,000000000000,,  000,000,000,012                                                              
   04205,O1010202109,559211,201501,20150218,000000616813,000000000000,,  000,000,000,012                                                              
   04693,C6911468109,691799,201501,20150218,000000075551,000000000000,,  000,000,000,012                                                              
   05253,C6751865109,272183,201108,20150218,000000000000,000000234114,,  000,000,000,012                                                              
   05253,C6751865109,907445,201501,20150218,000000315326,000000000000,,  000,000,000,012                                                              
   06535,C6723188101,999091,201412,20150218,000000056761,000000041692,,  000,000,000,012                                                              
   06549,C6743321104,755485,201501,20150217,000001979281,000000000000,,  000,000,000,012                                                              
   06551,O1510211105,456398,201501,20150218,000001243757,000000000000,,  000,000,000,012                                                              
   06561,Z0310021109,912330,201412,20150218,000000063469,000000039143,,  000,000,000,012                                                              
   06561,Z0310021109,978893,201501,20150218,000000062767,000000000000,,  000,000,000,012                                                              
00000092,C6752455108,998714,201501,20150218,000000549083,000000000000,,  000,000,000,002                                                              
00000102,C6735315106,005933,201501,20150218,000000061075,000000000000,,  000,000,000,014                                                              
00000131,C6018202104,204384,201501,20150218,000000595542,000000000000,,  000,000,000,002                                                              
00000537,C6750805106,798788,201501,20150218,000000184464,000000000000,,  000,000,000,002                                                              
00000798,H5113060107,581703,201501,20150218,000000072730,000000000000,,  000,000,000,002                                                              
00000870,C5915079102,364494,201501,20150218,000000002882,000000000000,,  000,000,000,002                                                              
00000870,C6023187100,977123,201412,20150218,000000760361,000000000000,,  000,000,000,002                                                              
00000870,C6023199105,737923,201412,20150218,000004206259,000000000000,,  000,000,000,002                                                              
00000870,C6751642102,945400,201412,20150218,000000989434,000000000000,,  000,000,000,002                                                              
00000870,C6752243108,995311,201501,20150218,000001804004,000000000000,,  000,000,000,002                                                              
00000870,C6812199100,593910,201501,20150218,000000061591,000000000000,,  000,000,000,002                                                              
00000870,H5111337101,243812,201501,20150218,000000987588,000000000000,,  000,000,000,002                                                              
00000870,H5112784103,005531,201501,20150218,000003612025,000000000000,,  000,000,000,002                                                              
00000870,N8411266105,810406,201501,20150218,000002257692,000000000000,,  000,000,000,002                                                              
00000870,N9210121103,353676,201411,20150218,000000713363,000000000000,,  000,000,000,002                                                              
00000981,C6022812104,066399,201501,20150218,000001061803,000000000000,,  000,000,000,014                                                              
00000981,C6745150105,281979,201501,20150218,000000423686,000000000000,,  000,000,000,014                                                              
00000981,C6745151103,548179,201501,20150218,000000423686,000000000000,,  000,000,000,014                                                              
00000981,H2511689108,265526,201501,20150218,000003825025,000000000000,,  000,000,000,014                                                              
00000981,H5112993100,019020,201501,20150218,000000183105,000000000000,,  000,000,000,014                                                              
00004414,C6735551106,633129,201501,20150218,000000276778,000000000000,,  000,000,000,002                                                              
00004441,C6011269100,536724,201501,20150218,000000456065,000000000000,,  000,000,000,002                                                              
00004441,C6011272104,144676,201501,20150218,000001031469,000000000000,,  000,000,000,002                                                              
00004469,N8910569108,010443,201412,20150218,000000233868,000000149244,,  000,000,000,002                                                              
00004469,N8910569108,048078,201501,20150218,000000079799,000000000000,,  000,000,000,002                                                              
00004469,N8910569108,808193,201411,20150218,000000471225,000000000000,,  000,000,000,002                                                              
00004577,C6752049109,459739,201501,20150218,000000062090,000000000000,,  000,000,000,002                                                              
00004649,C7110211100,646125,201501,20150218,000000058440,000000000000,,  000,000,000,002                                                              
00004649,O1810472100,199318,201501,20150218,000000131705,000000000000,,  000,000,000,002                                                              
00004977,C6020587104,032991,201501,20150218,000000408386,000000000000,,  000,000,000,002                                                              
00004977,C6727966106,924171,201501,20150218,000000912962,000000000000,,  000,000,000,002                                                              
00005003,C6745249105,563900,201412,20150218,000002466668,000000000000,,  000,000,000,021                                                              
00005003,C6751137103,688484,201501,20150218,000000628856,000000000000,,  000,000,000,021                                                              
00005003,C7411615108,982658,201501,20150218,000000121664,000000000000,,  000,000,000,021                                                              
00005003,L4510017137,055916,201408,20150218,000001227312,000000000000,,  000,000,000,021                                                              
00005036,C6023315107,109367,201501,20150218,000000060617,000000000000,,  000,000,000,002                                                              
00005036,C6023488102,226905,201501,20150218,000000541677,000000000000,,  000,000,000,002                                                              
00005181,C7410623103,383857,201501,20150218,000000134079,000000000000,,  000,000,000,014                                                              
00006568,C6022340106,198357,201501,20150218,000000466417,000000000000,,  000,000,000,002                                                              
00010087,C6726189106,263969,201501,20150218,000000082447,000000000000,,  000,000,000,044                                                              
00100080,H2511668102,565635,201501,20150218,000000075500,000000000000,,  000,000,000,021                                                              
00100094,C6752300106,727394,201501,20150218,000000066733,000000000000,,  000,000,000,021                                                              
00100560,C6752645104,617977,201501,20150218,000000150965,000000000000,,  000,000,000,021                                                              
00100764,C7211174108,928234,201501,20150218,000000058953,000000000000,,  000,000,000,021                                                              
00101150,C6743646104,460807,201501,20150218,000002210173,000000000000,,  000,000,000,021                                                              
00101607,N9110244104,601203,201501,20150218,000002543849,000000000000,,  000,000,000,021                                                              
00101903,C6723624105,313870,201501,20150216,000008392749,000000000000,,  000,000,000,021                                                              
00101915,O0510050109,923957,201501,20150218,000000370271,000000000000,,  000,000,000,021                                                              
00101998,C6019853103,585823,201501,20150218,000000318722,000000000000,,  000,000,000,021                                                              
00101998,C6744066104,051689,200812,20150218,000000000000,000000000000,,  000,000,000,021                                                              
00101998,C6744066104,152962,201308,20150218,000000000000,000000000000,,  000,000,000,021                                                              
00101998,C6744066104,248253,200804,20150218,000000000000,000000000000,,  000,000,000,021                                                              
00101998,C6744066104,321057,200802,20150218,000000000000,000000000000,,  000,000,000,021                                                              
00101998,C6744066104,323096,201306,20150218,000000000000,000000000000,,  000,000,000,021                                                              
00101998,C6744066104,440834,200808,20150218,000000000000,000000000000,,  000,000,000,021                                                              
00101998,C6744066104,583098,201402,20150218,000000000000,000000000000,,  000,000,000,021                                                              
00101998,C6744066104,589295,200806,20150218,000000000000,000000000000,,  000,000,000,021                                                              
00101998,C6744066104,786881,201304,20150218,000000000000,000000000000,,  000,000,000,021                                                              
00103027,C6734071106,034018,201010,20150218,000000000000,000000000000,,  000,000,000,021                                                              
00103027,C6734071106,037875,201106,20150218,000000000000,000000000000,,  000,000,000,021                                                              
00103027,C6734071106,040341,201408,20150218,000000000000,000000000000,,  000,000,000,021                                                              
00103027,C6734071106,077877,201304,20150218,000000000000,000000000000,,  000,000,000,021                                                              
00103027,C6734071106,100595,201012,20150218,000000000000,000000000000,,  000,000,000,021                                                              
00103027,C6734071106,143097,201104,20150218,000000000000,000000000000,,  000,000,000,021                                                              
00103027,C6734071106,284022,201204,20150218,000000000000,000000000000,,  000,000,000,021                                                              
00103027,C6734071106,320046,201004,20150218,000000000000,000000000000,,  000,000,000,021                                                              
00103027,C6734071106,392466,201306,20150218,000000000000,000000000000,,  000,000,000,021                                                              
00103027,C6734071106,419310,200912,20150218,000000000000,000000000000,,  000,000,000,021                                                              
00103027,C6734071106,419473,201310,20150218,000000000000,000000000000,,  000,000,000,021                                                              
00103027,C6734071106,437509,201002,20150218,000000000000,000000000000,,  000,000,000,021                                                              
00103027,C6734071106,468593,201402,20150218,000000000000,000000000000,,  000,000,000,021                                                              
00103027,C6734071106,469202,201102,20150218,000000000000,000000000000,,  000,000,000,021                                                              
00103027,C6734071106,508114,201404,20150218,000000000000,000000000000,,  000,000,000,021                                                              
00103027,C6734071106,525765,200908,20150218,000000000000,000000000000,,  000,000,000,021                                                              
00103027,C6734071106,566107,200904,20150218,000000000000,000000000000,,  000,000,000,021                                                              
00103027,C6734071106,573020,201308,20150218,000000000000,000000000000,,  000,000,000,021                                                              
00103027,C6734071106,598581,201108,20150218,000000000000,000000000000,,  000,000,000,021                                                              
00103027,C6734071106,602799,200910,20150218,000000000000,000000000000,,  000,000,000,021                                                              
00103027,C6734071106,605191,200906,20150218,000000000000,000000000000,,  000,000,000,021                                                              
00103027,C6734071106,651130,201312,20150218,000000000000,000000000000,,  000,000,000,021                                                              
00103027,C6734071106,681597,201206,20150218,000000000000,000000000000,,  000,000,000,021                                                              
00103027,C6734071106,693288,201006,20150218,000000000000,000000000000,,  000,000,000,021                                                              
00103027,C6734071106,737562,201202,20150218,000000000000,000000000000,,  000,000,000,021                                                              
00103027,C6734071106,779129,201410,20150218,000000000000,000000000000,,  000,000,000,021                                                              
00103027,C6734071106,791008,201112,20150218,000000000000,000000000000,,  000,000,000,021                                                              
00103027,C6734071106,908893,201406,20150218,000000000000,000000000000,,  000,000,000,021                                                              
00103027,C6734071106,913657,201008,20150218,000000000000,000000000000,,  000,000,000,021                                                              
00103027,C6734071106,927353,201208,20150218,000000000000,000000000000,,  000,000,000,021                                                              
00103027,C6734071106,945428,201412,20150218,000000000000,000000000000,,  000,000,000,021                                                              
00103027,C6750990106,219475,201501,20150218,000000113978,000000000000,,  000,000,000,021                                                              
00103027,C6751257109,215630,201501,20150218,000000116880,000000000000,,  000,000,000,021                                                              
00380001,C6743596101,381218,201501,20150218,000002993484,000000000000,,  000,000,000,044                                                              
00380005,C6911381104,534032,201412,20150218,000000010322,000000000000,,  000,000,000,044                                                              
00380005,C6911381104,858545,201501,20150218,000000010380,000000000000,,  000,000,000,044                                                              
00720713,C6022771102,760595,201501,20150218,000001393198,000000000000,,  000,000,000,072                                                              
00720713,C6749345107,835186,201501,20150218,000000177919,000000000000,,  000,000,000,072                                                              
00720713,C6751114102,463615,201501,20150218,000000060417,000000000000,,  000,000,000,072                                                              
00721297,C5915332105,030953,201501,20150218,000000074442,000000000000,,  000,000,000,072                                                              
00721297,C6213054102,615516,201501,20150218,000000089035,000000000000,,  000,000,000,072                                                              
00721348,C6752395106,640743,201501,20150218,000001481434,000000000000,,  000,000,000,072                                                              
00722402,C6725235108,637718,201501,20150218,000000152867,000000000000,,  000,000,000,072                                                              
00722402,C6727327101,209206,201501,20150218,000000073271,000000000000,,  000,000,000,072                                                              
00722409,16013148107,772422,201501,20150218,000002590490,000000000000,,  000,000,000,072                                                              
00722409,C6750627104,723670,201501,20150218,000000179129,000000000000,,  000,000,000,072                                                              
00722414,C6749267103,028725,201412,20150218,000000007431,000000058396,,  000,000,000,072                                                              
00722414,C6752611106,729347,201501,20150218,000000340834,000000000000,,  000,000,000,072                                                              
00722414,C6812167107,295407,201501,20150218,000000144374,000000000000,,  000,000,000,072                                                              
00722414,O1110370103,208996,201501,20150218,000000204836,000000000000,,  000,000,000,072                                                              
00722414,O1110400108,691750,201501,20150218,000000133581,000000000000,,  000,000,000,072                                                              
00722414,O1110616109,338662,201501,20150218,000000133581,000000000000,,  000,000,000,072                                                              
00722416,C6734071106,086311,201110,20150218,000000000000,000000000000,,  000,000,000,072                                                              
00722417,C6748369108,750744,201501,20150218,000000205935,000000000000,,  000,000,000,072                                                              
00722423,C6752618101,822898,201502,20150218,000000052534,000000029618,,  000,000,000,072                                                              
00722423,N8910566104,832572,201412,20150218,000000078799,000000052189,,  000,000,000,072                                                              
00722424,H2510631101,929923,201501,20150218,000000127048,000000000000,,  000,000,000,072                                                              
00722424,O1210457107,463920,201501,20150218,000000139931,000000000000,,  000,000,000,072                                                              
00722424,R1110045108,275280,201501,20150218,000000118664,000000000000,,  000,000,000,072                                                              
00722430,C6749586106,002679,201208,20150218,000000085277,000000045938,,  000,000,000,072                                                              
00722430,C6749586106,007567,201306,20150218,000000072535,000000041105,,  000,000,000,072                                                              
00722430,C6749586106,078875,201303,20150218,000000076773,000000000000,,  000,000,000,072                                                              
00722430,C6749586106,134289,201409,20150218,000000061266,000000000000,,  000,000,000,072                                                              
00722430,C6749586106,194606,201310,20150218,000000071401,000000039156,,  000,000,000,072                                                              
00722430,C6749586106,254740,201301,20150218,000000082626,000000000000,,  000,000,000,072                                                              
00722430,C6749586106,264244,201311,20150218,000000067799,000000000000,,  000,000,000,072                                                              
00722430,C6749586106,278911,201309,20150218,000000070088,000000000000,,  000,000,000,072                                                              
00722430,C6749586106,312776,201206,20150218,000000084652,000000046359,,  000,000,000,072                                                              
00722430,C6749586106,315708,201405,20150218,000000066844,000000000000,,  000,000,000,072                                                              
00722430,C6749586106,316684,201307,20150218,000000074283,000000000000,,  000,000,000,072                                                              
00722430,C6749586106,407236,201304,20150218,000000073580,000000041697,,  000,000,000,072                                                              
00722430,C6749586106,419022,201406,20150218,000000063917,000000036099,,  000,000,000,072                                                              
00722430,C6749586106,446142,201209,20150218,000000081476,000000000000,,  000,000,000,072                                                              
00722430,C6749586106,503472,201212,20150218,000000080891,000000042871,,  000,000,000,072                                                              
00722430,C6749586106,522486,201407,20150218,000000065179,000000000000,,  000,000,000,072                                                              
00722430,C6749586106,525099,201207,20150218,000000086263,000000000000,,  000,000,000,072                                                              
00722430,C6749586106,538680,201302,20150218,000000073606,000000041392,,  000,000,000,072                                                              
00722430,C6749586106,546662,201408,20150218,000000064270,000000035702,,  000,000,000,072                                                              
00722430,C6749586106,653893,201312,20150218,000000068994,000000037836,,  000,000,000,072                                                              
00722430,C6749586106,667949,201402,20150218,000000062505,000000036336,,  000,000,000,072                                                              
00722430,C6749586106,678000,201210,20150218,000000083056,000000044019,,  000,000,000,072                                                              
00722430,C6749586106,710389,201404,20150218,000000065137,000000036789,,  000,000,000,072                                                              
00722430,C6749586106,780712,201403,20150218,000000067871,000000000000,,  000,000,000,072                                                              
00722430,C6749586106,813909,201211,20150218,000000079147,000000000000,,  000,000,000,072                                                              
00722430,C6749586106,923294,201308,20150218,000000073384,000000040908,,  000,000,000,072                                                              
00722430,C6749586106,925962,201305,20150218,000000075591,000000000000,,  000,000,000,072                                                              
00722430,C6749586106,961082,201401,20150218,000000070071,000000000000,,  000,000,000,072                                                              
00722434,C6910131104,884467,201501,20150218,000000193180,000000000000,,  000,000,000,072                                                              
00722445,C7411182109,739982,201501,20150218,000000128215,000000000000,,  000,000,000,072                                                              
00722445,C7411241103,595883,201412,20150218,000000067834,000000035969,,  000,000,000,072                                                              
00722537,C6744499107,376167,201412,20150218,000000000000,000000000000,,  000,000,000,072                                                              
00728846,C5915241108,507269,201501,20150218,000007543893,000000000000,,  000,000,000,072                                                              
00728846,C5915241108,785412,201501,20150218,000000640434,000000000000,,  000,000,000,072                                                              
00728846,C6022621109,453407,201501,20150218,000000190198,000000000000,,  000,000,000,072                                                              
00728846,C6720066102,458503,201501,20150218,000000332766,000000000000,,  000,000,000,072                                                              
00728846,C6726769105,826687,201501,20150218,000000616042,000000000000,,  000,000,000,072                                                              
00728846,C6740159101,573112,201501,20150218,000001656780,000000000000,,  000,000,000,072                                                              
00728846,C6749587104,610588,201501,20150218,000000078116,000000000000,,  000,000,000,072                                                              
00728846,C6752935109,236977,201501,20150218,000001127826,000000000000,,  000,000,000,072                                                              
00728846,C6753026106,285061,201501,20150218,000002930028,000000000000,,  000,000,000,072                                                              
00728846,N9810535108,932777,201501,20150218,000000626276,000000000000,,  000,000,000,072                                                              
00728846,O1010293108,630455,201501,20150218,000000075779,000000000000,,  000,000,000,072                                                              
00728846,O1110676103,495750,201501,20150218,000000964446,000000000000,,  000,000,000,072                                                              
00728846,S3910194101,912609,201412,20150218,000000058666,000000110583,,  000,000,000,072                                                              
00728846,S4810112102,333336,201412,20150218,000000077386,000000125831,,  000,000,000,072                                                              
admin   ,C6744090104,377188,201501,20150218,000000589748,000000000000,,  000,000,000,030                                                              
admin   ,C6744098107,842693,201501,20150218,000000903409,000000000000,,  000,000,000,030                                                              
