   04205,C6737822109,792217,201406,20150401,000000000000,000000000000,,  000,000,000,012                                                              
   04205,C6748457101,774227,201501,20150401,000001002829,000000000000,,  000,000,000,012                                                              
   04205,C6751674105,327705,201501,20150401,000000779120,000000000000,,  000,000,000,012                                                              
   04205,C6751674105,678921,201502,20150401,000000802926,000000525017,,  000,000,000,012                                                              
   04205,C7211156105,190869,201502,20150401,000000000000,000000000000,,  000,000,000,012                                                              
   04411,C5915275106,752387,201502,20150401,000008008258,000005085544,,  000,000,000,012                                                              
   06542,C6741559101,333763,201502,20150401,000000135828,000000000000,,  000,000,000,012                                                              
   06549,16010525109,488552,201502,20150401,000001445836,000001386072,,  000,000,000,012                                                              
00000285,C6748643106,793754,201502,20150401,000000068494,000000000000,,  000,000,000,002                                                              
00000870,H5112978101,393593,201503,20150401,000000141865,000000000000,,  000,000,000,002                                                              
00000870,S3910578105,959981,201409,20150401,000002337907,000000000000,,  000,000,000,002                                                              
00004469,C6743274105,378303,201502,20150401,000000064746,000000038414,,  000,000,000,002                                                              
00004649,O1810472100,290886,201502,20150401,000000118956,000000053396,,  000,000,000,002                                                              
00007163,C6752551104,540733,201502,20150401,000000302920,000000255070,,  000,000,000,002                                                              
00100080,H2511586106,967826,201412,20150401,000000306166,000000280135,,  000,000,000,021                                                              
00100560,C6726214102,425431,201412,20150401,000000000000,000000027090,,  000,000,000,021                                                              
00100560,C6738387102,425505,201412,20150401,000000000000,000000051494,,  000,000,000,021                                                              
00100560,C6748770107,425679,201412,20150401,000000000000,000000087058,,  000,000,000,021                                                              
00100560,C6749311109,425695,201412,20150401,000000000000,000000090004,,  000,000,000,021                                                              
00100560,C6749692102,425706,201412,20150401,000000000000,000000026401,,  000,000,000,021                                                              
00100560,N9010425100,426216,201412,20150401,000000000000,000000068723,,  000,000,000,021                                                              
00100637,C6740044105,039208,201502,20150401,000000627628,000000385443,,  000,000,000,021                                                              
00100637,C6745908106,848043,201412,20150401,000000057399,000000026401,,  000,000,000,021                                                              
00100637,C6747974106,760398,201412,20150401,000000000000,000000059416,,  000,000,000,021                                                              
00100637,C6811975104,551769,201501,20150401,000000201016,000000000000,,  000,000,000,021                                                              
00100637,C6812152109,426006,201412,20150401,000000000000,000000039612,,  000,000,000,021                                                              
00100637,O1110584109,426283,201412,20150401,000000000000,000000063924,,  000,000,000,021                                                              
00720280,C6022854106,352318,201502,20150401,000000187199,000000071049,,  000,000,000,072                                                              
00720714,C6741173101,713140,201502,20150401,000000340441,000000273225,,  000,000,000,072                                                              
00720714,C6745966104,048148,201502,20150401,000000223123,000000209571,,  000,000,000,072                                                              
00722414,C6023741138,272987,201502,20150401,000000111782,000000055414,,  000,000,000,072                                                              
00722430,C6022261104,143700,201502,20150401,000000059392,000000039706,,  000,000,000,072                                                              
00728846,16011047103,195324,201402,20150401,000000116069,000000157271,,  000,000,000,072                                                              
00728846,16011047103,729046,201401,20150401,000000130099,000000000000,,  000,000,000,072                                                              
MM      ,C6747659103,698081,201502,20150401,000000871625,000000000000,,  000,000,000,030                                                              
