   00177,C6743918107,348259,201502,20150227,000005542438,000008089668,,  000,000,000,012                                                              
   00177,C6745912108,746055,201406,20150227,000000000000,000000000000,,  000,000,000,012                                                              
   00177,C7211484101,116938,201409,20150227,000000191950,000000000000,,  000,000,000,012                                                              
   00177,C7211484101,140822,201411,20150227,000000281351,000000000000,,  000,000,000,012                                                              
   00177,C7211484101,306305,201406,20150227,000000658994,000001031909,,  000,000,000,012                                                              
   00177,C7211484101,352798,201410,20150227,000000185852,000000292869,,  000,000,000,012                                                              
   00177,C7211484101,409679,201401,20150227,000001580036,000000000000,,  000,000,000,012                                                              
   00177,C7211484101,485029,201407,20150227,000001301086,000000000000,,  000,000,000,012                                                              
   00177,C7211484101,542098,201405,20150227,000000739551,000000000000,,  000,000,000,012                                                              
   00177,C7211484101,755990,201402,20150227,000001289637,000001877647,,  000,000,000,012                                                              
   00177,C7211484101,768937,201403,20150227,000000260733,000000000000,,  000,000,000,012                                                              
   00177,C7211484101,945894,201408,20150227,000001280464,000001891472,,  000,000,000,012                                                              
   00177,C7211484101,966775,201404,20150227,000000314857,000000418865,,  000,000,000,012                                                              
   00177,C7211484101,974595,201412,20150227,000000284732,000000432189,,  000,000,000,012                                                              
   04205,C5915260108,857658,201501,20150227,000003362366,000000000000,,  000,000,000,012                                                              
   04205,C6213146106,667839,201501,20150227,000001485041,000000000000,,  000,000,000,012                                                              
   04205,C6710553101,622947,201412,20150227,000000000000,000000000000,,  000,000,000,012                                                              
   04205,C6732190106,352841,201501,20150227,000000007188,000000000000,,  000,000,000,012                                                              
   04205,C6749030105,678764,201412,20150227,000000000000,000013718882,,  000,000,000,012                                                              
   04205,C6749808104,782310,201501,20150227,000000387376,000000000000,,  000,000,000,012                                                              
   05003,C6811353104,530067,201412,20150227,000000291092,000000145237,,  000,000,000,012                                                              
   05003,C6811353104,963787,201501,20150227,000000296860,000000000000,,  000,000,000,012                                                              
   05232,C5913405101,538368,201501,20150227,000011681766,000000000000,,  000,000,000,012                                                              
00000092,C6737852106,852856,201501,20150227,000000164030,000000000000,,  000,000,000,002                                                              
00000241,C6737148109,754797,201501,20150227,000000059190,000000000000,,  000,000,000,014                                                              
00000588,C6744949101,191429,201412,20150227,000000113444,000000052176,,  000,000,000,002                                                              
00000870,C6022730108,617210,201501,20150227,000003699530,000000000000,,  000,000,000,002                                                              
00004577,C6020710102,512992,201412,20150227,000000080940,000000067101,,  000,000,000,002                                                              
00004577,C6023174108,301445,201501,20150227,000000212067,000000000000,,  000,000,000,002                                                              
00004577,C6734258109,053887,201409,20150227,000000307318,000000000000,,  000,000,000,002                                                              
00004577,C6734258109,270516,201501,20150227,000000146235,000000000000,,  000,000,000,002                                                              
00004577,C6734258109,319379,201412,20150227,000000141848,000000098885,,  000,000,000,002                                                              
00004577,C6734258109,634838,201410,20150227,000000312439,000000144172,,  000,000,000,002                                                              
00004577,C6734258109,862966,201411,20150227,000000296699,000000000000,,  000,000,000,002                                                              
00004577,C6752163108,031286,201412,20150227,000000081192,000000034876,,  000,000,000,002                                                              
00004577,C6752163108,561286,201501,20150227,000000082093,000000000000,,  000,000,000,002                                                              
00005003,O1610046104,440834,201502,20150227,000001363491,000000850637,,  000,000,000,021                                                              
00005036,C6015764106,702156,201408,20150227,000000000000,000000130919,,  000,000,000,002                                                              
00007163,C6734345104,837623,201501,20150227,000000126018,000000000000,,  000,000,000,002                                                              
00100083,C6751796106,317100,201412,20150227,000000725652,000000000000,,  000,000,000,021                                                              
00100084,C6724523108,029616,201412,20150227,000000181691,000000259620,,  000,000,000,021                                                              
00100084,C6724523108,080469,201404,20150227,000000000000,000000000000,,  000,000,000,021                                                              
00100084,C6724523108,226006,201406,20150227,000000000000,000000000000,,  000,000,000,021                                                              
00100084,C6724523108,249502,201408,20150227,000000000000,000000000000,,  000,000,000,021                                                              
00100094,C6022036100,445228,200902,20150227,000000000000,000000119799,,  000,000,000,021                                                              
00100524,C6014381100,031595,201211,20150227,000000081929,000000000000,,  000,000,000,021                                                              
00100524,C6014381100,229384,201210,20150227,000000085972,000000000000,,  000,000,000,021                                                              
00100524,C6014381100,293557,201212,20150227,000000083731,000000000000,,  000,000,000,021                                                              
00100764,C6740392108,844337,201501,20150227,000000062854,000000000000,,  000,000,000,021                                                              
00101151,C6738057101,860008,201501,20150227,000000658055,000000000000,,  000,000,000,021                                                              
00101607,N9110244104,238720,201501,20150227,000000030249,000000000000,,  000,000,000,021                                                              
00103027,C6812188103,559384,201501,20150227,000000229470,000000000000,,  000,000,000,021                                                              
00380001,C7211568101,177330,201501,20150227,000000127988,000000000000,,  000,000,000,044                                                              
00720280,C6022634102,759162,201411,20150227,000001203326,000000000000,,  000,000,000,072                                                              
00720713,C6722165100,038571,201501,20150227,000000189525,000000000000,,  000,000,000,072                                                              
00720713,C6752579105,789024,201501,20150227,000000598444,000000000000,,  000,000,000,072                                                              
00720714,C6745966104,590511,201501,20150227,000000307221,000000000000,,  000,000,000,072                                                              
00720714,N8910569108,245964,201501,20150227,000000404943,000000000000,,  000,000,000,072                                                              
00722409,C6714481101,436271,201412,20150227,000000000000,000000020082,,  000,000,000,072                                                              
00722409,C6741254109,968742,201501,20150227,000000112120,000000000000,,  000,000,000,072                                                              
00722409,C6746819104,224052,201501,20150227,000000061878,000000000000,,  000,000,000,072                                                              
00722414,C5914149104,597663,201501,20150227,000000963023,000000000000,,  000,000,000,072                                                              
00722414,C6023741138,356163,201501,20150227,000000123760,000000000000,,  000,000,000,072                                                              
00722431,C6752281108,664100,201210,20150227,000000000000,000000047334,,  000,000,000,072                                                              
00728846,C6749001106,200188,201412,20150227,000000211294,000000156307,,  000,000,000,072                                                              
00728846,C6749001106,935131,201501,20150227,000000208960,000000000000,,  000,000,000,072                                                              
00728846,O2010627105,379315,201501,20150227,000000398245,000000000000,,  000,000,000,072                                                              
00728846,O2010627105,522407,201412,20150227,000000393600,000000176145,,  000,000,000,072                                                              
00728846,O2010629101,564810,201412,20150227,000000000000,000000223363,,  000,000,000,072                                                              
00728846,O2010629101,712628,201501,20150227,000000424232,000000000000,,  000,000,000,072                                                              
MM      ,C6748502104,313225,201412,20150227,000000000000,000000001005,,  000,000,000,030                                                              
MM      ,C6748502104,590538,201410,20150227,000000007975,000000000000,,  000,000,000,030                                                              
