     180,16011740103,694224,201410,20150225,000000059581,000000091802,,  000,000,000,036                                                              
     181,C6023520102,790401,201501,20150225,000000593762,000000000000,,  000,000,000,036                                                              
   00177,N8511599108,596763,201410,20150225,000000000000,000000000000,,  000,000,000,012                                                              
   04205,C5911296106,458162,201212,20150225,000000000000,000000000000,,  000,000,000,012                                                              
   04205,C5911296106,887058,201302,20150225,000000001384,000000002244,,  000,000,000,012                                                              
   04205,C6019391104,337811,201412,20150225,000002335302,000001604354,,  000,000,000,012                                                              
   04205,C6021770105,329022,201412,20150225,000000943488,000000000000,,  000,000,000,012                                                              
   04205,C6023629101,784461,201412,20150225,000001157261,000000553112,,  000,000,000,012                                                              
   04205,C6212848108,657035,201501,20150225,000000225796,000000000000,,  000,000,000,012                                                              
   04205,C6740044105,414390,201412,20150225,000000682104,000000000000,,  000,000,000,012                                                              
   04205,C6747317108,218437,201501,20150225,000000461860,000000000000,,  000,000,000,012                                                              
   04205,C6810746100,880031,201501,20150225,000000100339,000000000000,,  000,000,000,012                                                              
   04205,C6811927105,171745,201501,20150225,000000489776,000000000000,,  000,000,000,012                                                              
   04205,C7211156105,723823,201412,20150225,000000000000,000000000000,,  000,000,000,012                                                              
   04205,H2511199108,435294,201410,20150225,000000000000,000000000000,,  000,000,000,012                                                              
   04205,H5112960109,336647,201308,20150225,000000000000,000003524949,,  000,000,000,012                                                              
   06540,C6810491103,870550,201501,20150225,000000021564,000000000000,,  000,000,000,012                                                              
   06542,C6734581104,798942,201002,20150225,000000000000,000000000000,,  000,000,000,012                                                              
   06560,N8411262104,396614,201411,20150225,000000057082,000000000000,,  000,000,000,012                                                              
   06560,N8411262104,877386,201501,20150225,000000059814,000000000000,,  000,000,000,012                                                              
00000039,N8910156104,202232,201412,20150225,000000061912,000000036344,,  000,000,000,002                                                              
00000039,N8910156104,773098,201501,20150225,000000063024,000000000000,,  000,000,000,002                                                              
00000285,C6742563102,376457,201501,20150225,000000333561,000000000000,,  000,000,000,002                                                              
00000305,C6724523108,541496,201412,20150225,000000055754,000000000000,,  000,000,000,002                                                              
00000870,C6748514109,944434,201501,20150225,000001701689,000000000000,,  000,000,000,002                                                              
00000870,C7211559100,784721,201501,20150225,000000472138,000000000000,,  000,000,000,002                                                              
00000981,C6736229108,835912,201501,20150225,000004784783,000000000000,,  000,000,000,014                                                              
00000981,C6736975106,538628,201501,20150225,000009780051,000000000000,,  000,000,000,014                                                              
00000981,C6752674104,108147,201501,20150225,000003020645,000000000000,,  000,000,000,014                                                              
00000981,C6753135105,405998,201501,20150225,000000772620,000000000000,,  000,000,000,014                                                              
00000981,C7110240109,560691,201501,20150225,000003837779,000000000000,,  000,000,000,014                                                              
00004414,C6748978106,635113,201012,20150225,000000000000,000000042814,,  000,000,000,002                                                              
00004414,C7110951101,864483,201412,20150225,000000001833,000000000000,,  000,000,000,002                                                              
00004577,C6750355102,509835,201310,20150225,000000000000,000000307524,,  000,000,000,002                                                              
00004577,C6750355102,511954,201309,20150225,000000972060,000000000000,,  000,000,000,002                                                              
00004577,C6750355102,540154,201308,20150225,000001017696,000000326616,,  000,000,000,002                                                              
00007163,C6213182101,041527,201412,20150225,000001234077,000000000000,,  000,000,000,002                                                              
00100084,C6745266109,702247,201412,20150225,000000494245,000000000000,,  000,000,000,021                                                              
00100524,C6014381100,049810,201209,20150225,000000084340,000000000000,,  000,000,000,021                                                              
00100524,C6014381100,100440,201206,20150225,000000087629,000000000000,,  000,000,000,021                                                              
00100524,C6014381100,200330,201204,20150225,000000089210,000000000000,,  000,000,000,021                                                              
00100524,C6014381100,467240,201208,20150225,000000088274,000000000000,,  000,000,000,021                                                              
00100524,C6014381100,710274,201207,20150225,000000089294,000000000000,,  000,000,000,021                                                              
00100524,C6014381100,828328,201205,20150225,000000091717,000000000000,,  000,000,000,021                                                              
00100524,C6745748106,570273,201501,20150225,000000009680,000000000000,,  000,000,000,021                                                              
00100524,C6751031108,348806,201501,20150225,000000003594,000000000000,,  000,000,000,021                                                              
00100560,C7211449104,346031,201412,20150225,000000187708,000000000000,,  000,000,000,021                                                              
00100637,C6735379102,252891,200804,20150225,000000000000,000000195410,,  000,000,000,021                                                              
00100637,N8510979103,663078,201412,20150225,000000081709,000000000000,,  000,000,000,021                                                              
00100637,N9210121103,258023,201412,20150225,000000068836,000000000000,,  000,000,000,021                                                              
00101607,N9110027103,555549,201501,20150225,000000073254,000000000000,,  000,000,000,021                                                              
00101607,N9110575101,743629,201412,20150225,000000074072,000000000000,,  000,000,000,021                                                              
00101607,N9110742107,829826,201501,20150225,000000081545,000000000000,,  000,000,000,021                                                              
00101607,N9510454105,041333,201501,20150225,000000067483,000000000000,,  000,000,000,021                                                              
00101915,C5914882100,093819,201412,20150225,000001962547,000000000000,,  000,000,000,021                                                              
00101998,C6012943109,794979,201501,20150225,000000205019,000000000000,,  000,000,000,021                                                              
00103027,C6744984108,297589,201406,20150225,000000000000,000000121765,,  000,000,000,021                                                              
00103027,C6744984108,440056,201410,20150225,000000000000,000000161952,,  000,000,000,021                                                              
00103027,C6744984108,495602,201404,20150225,000000000000,000000124108,,  000,000,000,021                                                              
00103027,C6812188103,009824,201412,20150225,000000158832,000000064308,,  000,000,000,021                                                              
00103027,C6812188103,627401,201401,20150225,000000177360,000000000000,,  000,000,000,021                                                              
00721297,C6714627109,609307,201404,20150225,000000002283,000000002081,,  000,000,000,072                                                              
00721297,C6714627109,710871,201410,20150225,000000002259,000000004049,,  000,000,000,072                                                              
00721297,C6714627109,750143,201408,20150225,000000002330,000000004247,,  000,000,000,072                                                              
00721297,C6714627109,956010,201406,20150225,000000002316,000000004294,,  000,000,000,072                                                              
00721349,N9111154104,955558,201501,20150225,000000149300,000000000000,,  000,000,000,072                                                              
00722374,N9510031101,376004,201412,20150225,000000000000,000000000000,,  000,000,000,072                                                              
00722374,N9510031101,503122,201406,20150225,000000000000,000000000000,,  000,000,000,072                                                              
00722374,N9510031101,547157,201410,20150225,000000000000,000000000000,,  000,000,000,072                                                              
00722374,N9510031101,974946,201408,20150225,000000000000,000000000000,,  000,000,000,072                                                              
00722402,C6745873102,069197,201006,20150225,000000100643,000000000000,,  000,000,000,072                                                              
00722402,C6745873102,268647,201408,20150225,000000000000,000000028324,,  000,000,000,072                                                              
00722402,C6745873102,750390,201007,20150225,000000103054,000000000000,,  000,000,000,072                                                              
00722409,C6752939101,532186,201501,20150225,000000242552,000000000000,,  000,000,000,072                                                              
00722409,C6752939101,997962,201412,20150225,000000235420,000000110112,,  000,000,000,072                                                              
00722418,H5113053102,936317,201501,20150225,000001839542,000000000000,,  000,000,000,072                                                              
00722424,H2511168103,003445,201501,20150225,000000283263,000000000000,,  000,000,000,072                                                              
00722424,L4410043100,090706,201501,20150225,000000056095,000000000000,,  000,000,000,072                                                              
00722430,C6745075104,016579,201406,20150225,000000000000,000000146169,,  000,000,000,072                                                              
00722430,C6745075104,082666,201410,20150225,000000150441,000000000000,,  000,000,000,072                                                              
00722430,C6745075104,101503,201409,20150225,000000147690,000000000000,,  000,000,000,072                                                              
00722430,C6745075104,328102,201501,20150225,000000150608,000000000000,,  000,000,000,072                                                              
00722430,C6745075104,472454,201407,20150225,000000148904,000000000000,,  000,000,000,072                                                              
00722430,C6745075104,480781,201406,20150225,000000149318,000000000000,,  000,000,000,072                                                              
00722430,C6745075104,513558,201410,20150225,000000000000,000000147814,,  000,000,000,072                                                              
00722430,C6745075104,565274,201412,20150225,000000150011,000000000000,,  000,000,000,072                                                              
00722430,C6745075104,731191,201408,20150225,000000000000,000000151051,,  000,000,000,072                                                              
00722430,C6745075104,783921,201412,20150225,000000000000,000000160024,,  000,000,000,072                                                              
00722431,C6749983105,673946,201410,20150225,000000005756,000000000000,,  000,000,000,072                                                              
00722431,C6752281108,114372,201411,20150225,000000078505,000000000000,,  000,000,000,072                                                              
00722431,C6752281108,131360,201402,20150225,000000082410,000000037213,,  000,000,000,072                                                              
00722431,C6752281108,133149,201406,20150225,000000084831,000000036963,,  000,000,000,072                                                              
00722431,C6752281108,318872,201501,20150225,000000080837,000000000000,,  000,000,000,072                                                              
00722431,C6752281108,332776,201404,20150225,000000086464,000000037675,,  000,000,000,072                                                              
00722431,C6752281108,347128,201412,20150225,000000079923,000000033702,,  000,000,000,072                                                              
00722431,C6752281108,433296,201401,20150225,000000092381,000000000000,,  000,000,000,072                                                              
00722431,C6752281108,601601,201409,20150225,000000081315,000000000000,,  000,000,000,072                                                              
00722431,C6752281108,727293,201407,20150225,000000086515,000000000000,,  000,000,000,072                                                              
00722431,C6752281108,865761,201405,20150225,000000088723,000000000000,,  000,000,000,072                                                              
00722431,C6752281108,871621,201408,20150225,000000085299,000000036558,,  000,000,000,072                                                              
00722431,C6752281108,941533,201410,20150225,000000082670,000000034860,,  000,000,000,072                                                              
00722431,C6752281108,944189,201403,20150225,000000090085,000000000000,,  000,000,000,072                                                              
00722434,C6752294101,539924,201412,20150225,000000188180,000000000000,,  000,000,000,072                                                              
00728846,C6741857109,749137,201406,20150225,000000076798,000000062057,,  000,000,000,072                                                              
00728846,S3910194101,678504,201501,20150225,000000185247,000000000000,,  000,000,000,072                                                              
00728846,S4810112102,818264,201501,20150225,000000170102,000000000000,,  000,000,000,072                                                              
501     ,C6743000104,183098,201402,20150225,000000004132,000000003231,,  000,000,000,062                                                              
MM      ,C6750256102,721488,201501,20150225,000000064633,000000000000,,  000,000,000,030                                                              
