   04205,C6740502102,720265,201412,20150504,000000020294,000000013715,,  000,000,000,012                                                              
   04205,C6811632101,090813,201503,20150504,000000346471,000000000000,,  000,000,000,012                                                              
   04205,N9210641100,950950,201504,20150504,000000157345,000000073979,,  000,000,000,012                                                              
   04205,O1010081107,172249,201504,20150504,000000117678,000000061056,,  000,000,000,012                                                              
   05125,C6213182101,988212,201503,20150504,000002972371,000000000000,,  000,000,000,012                                                              
   05232,C5913405101,291608,201411,20150504,000001705556,000000000000,,  000,000,000,012                                                              
00000537,C6752439102,943153,201503,20150504,000000307886,000000000000,,  000,000,000,002                                                              
00000981,C6752745102,849860,201504,20150504,000001918158,000000831322,,  000,000,000,014                                                              
00100083,C6020912104,406334,201502,20150504,000000000000,000000118558,,  000,000,000,021                                                              
00721998,C6725235108,586538,201503,20150504,000000189132,000000000000,,  000,000,000,072                                                              
00724880,C6020604107,408134,201501,20150504,000000190039,000000000000,,  000,000,000,072                                                              
00724880,C6910887101,263237,201502,20150504,000000000000,000000063306,,  000,000,000,072                                                              
00728846,C6020240100,561379,201504,20150504,000000319045,000000213415,,  000,000,000,072                                                              
00728846,C6752754104,217862,201503,20150504,000000065454,000000000000,,  000,000,000,072                                                              
