     181,C6742293106,909603,201412,20150106,000000359579,000000205959,,  000,000,000,036                                                              
   00562,C6726740106,814033,201411,20150106,000000058530,000000000000,,  000,000,000,012                                                              
   00585,C5910421101,311485,201411,20150106,000002776953,000000000000,,  000,000,000,012                                                              
   04205,C6017282107,107815,201410,20150106,000000000000,000002394617,,  000,000,000,012                                                              
   04205,C6023066106,030585,201410,20150106,000000000000,000001805071,,  000,000,000,012                                                              
   04205,C6023629101,347882,201410,20150106,000001166489,000000557527,,  000,000,000,012                                                              
   04205,C6023629101,715582,201411,20150106,000001107536,000000000000,,  000,000,000,012                                                              
   04205,C6715371103,749320,201411,20150106,000000544337,000000000000,,  000,000,000,012                                                              
   04205,C6751448104,431195,201409,20150106,000003393235,000000000000,,  000,000,000,012                                                              
   04205,C6751448104,806953,201411,20150106,000003581621,000000000000,,  000,000,000,012                                                              
   04205,C7210512100,849712,201412,20150106,000001259363,000000700999,,  000,000,000,012                                                              
   04205,C7211150108,553398,201412,20150106,000003513683,000002277278,,  000,000,000,012                                                              
   04205,O0110443100,849876,201412,20150106,000000892113,000000389774,,  000,000,000,012                                                              
   04205,O1510987100,860633,201412,20150106,000000486989,000000289525,,  000,000,000,012                                                              
   05232,C5914685107,090218,201408,20150106,000000104244,000000000000,,  000,000,000,012                                                              
   05232,C5914685107,376594,201407,20150106,000000105743,000000000000,,  000,000,000,012                                                              
00000039,N8910549100,002709,201308,20150106,000000000000,000000000000,,  000,000,000,002                                                              
00000039,N8910549100,066464,201104,20150106,000000000000,000000000000,,  000,000,000,002                                                              
00000039,N8910549100,187279,201012,20150106,000000000000,000000000000,,  000,000,000,002                                                              
00000039,N8910549100,633252,201306,20150106,000000000000,000000000000,,  000,000,000,002                                                              
00000039,N8910549100,702276,201108,20150106,000000000000,000000000000,,  000,000,000,002                                                              
00000305,O1110487105,962546,201410,20150106,000000000000,000000000000,,  000,000,000,002                                                              
00000870,C6741121100,125958,201412,20150106,000006692183,000007148007,,  000,000,000,002                                                              
00000870,H5112784103,729604,201411,20150106,000000025064,000000000000,,  000,000,000,002                                                              
00000870,N9210121103,444557,201410,20150106,000000459292,000000336749,,  000,000,000,002                                                              
00000870,O1910462134,986824,201412,20150106,000000524904,000000372839,,  000,000,000,002                                                              
00004149,C6724447100,744102,201412,20150106,000000262374,000000181822,,  000,000,000,002                                                              
00005002,C6017096101,102215,201410,20150106,000000312888,000000102917,,  000,000,000,021                                                              
00005002,C6017096101,235653,201411,20150106,000000063874,000000000000,,  000,000,000,021                                                              
00005002,C6017096101,886006,201409,20150106,000000044019,000000000000,,  000,000,000,021                                                              
00010087,H5112060108,992077,201412,20150106,000002582384,000002191150,,  000,000,000,044                                                              
00010087,H5112061106,528662,201412,20150106,000005013488,000005083378,,  000,000,000,044                                                              
00010087,H5112226105,471763,201412,20150106,000000805141,000000728022,,  000,000,000,044                                                              
00100049,O1510310105,120262,201411,20150106,000000058527,000000000000,,  000,000,000,021                                                              
00100049,O1510310105,148221,201412,20150106,000000059800,000000025508,,  000,000,000,021                                                              
00100560,C6715839109,160088,201411,20150106,000000214058,000000000000,,  000,000,000,021                                                              
00100560,C6752439102,798794,201411,20150106,000000235560,000000000000,,  000,000,000,021                                                              
00720714,C6745966104,735298,201411,20150106,000000517170,000000000000,,  000,000,000,072                                                              
00722374,C6019317109,772926,201410,20150106,000000072848,000000026830,,  000,000,000,072                                                              
00722430,C6753178105,478323,201412,20150106,000000390510,000000318970,,  000,000,000,072                                                              
00728846,C6752807100,096997,201411,20150106,000000243104,000000000000,,  000,000,000,072                                                              
00728846,C6752933104,606086,201412,20150106,000000912306,000000625942,,  000,000,000,072                                                              
