   04205,C6745852106,765495,201502,20150303,000005239207,000003996806,,  000,000,000,012                                                              
   04205,N8510020106,527111,201406,20150303,000000000000,000000480773,,  000,000,000,012                                                              
   04205,N8510020106,538536,201412,20150303,000000267279,000000000000,,  000,000,000,012                                                              
   04205,N9210641100,003415,201004,20150303,000000000000,000000055276,,  000,000,000,012                                                              
   04205,N9210641100,420433,201002,20150303,000000000000,000000003899,,  000,000,000,012                                                              
   06543,C6753113102,575161,201501,20150303,000000080451,000000000000,,  000,000,000,012                                                              
00000092,C6023219101,315452,201502,20150303,000000058990,000000026287,,  000,000,000,002                                                              
00000870,C6750888102,028342,201501,20150303,000003640079,000000000000,,  000,000,000,002                                                              
00000981,C6752745102,466436,201502,20150303,000000892552,000000467135,,  000,000,000,014                                                              
00004441,C6747622101,191353,201501,20150303,000000067228,000000000000,,  000,000,000,002                                                              
00004469,C6747602103,455330,201501,20150303,000000059161,000000000000,,  000,000,000,002                                                              
00007163,C5914982108,356437,201106,20150303,000000000000,000000000000,,  000,000,000,002                                                              
00007259,C6751177109,067761,201501,20150303,000000095507,000000000000,,  000,000,000,002                                                              
00100084,C6737726102,400673,201410,20150303,000000139180,000000000000,,  000,000,000,021                                                              
00100637,C6724425106,957038,201501,20150303,000000215279,000000000000,,  000,000,000,021                                                              
00101607,N9210136101,361810,201501,20150303,000000536556,000000000000,,  000,000,000,021                                                              
00101607,N9210136101,672265,201412,20150303,000000520678,000000240293,,  000,000,000,021                                                              
00101952,C6726543104,425102,201501,20150303,000000074518,000000000000,,  000,000,000,021                                                              
00101952,C6744715106,334572,201411,20150303,000000411155,000000000000,,  000,000,000,021                                                              
00722374,C6023283107,757072,201501,20150303,000000318868,000000000000,,  000,000,000,072                                                              
00722414,C6741467107,008032,201502,20150303,000000040053,000000000000,,  000,000,000,072                                                              
00722414,C6741467107,286587,201501,20150303,000000082816,000000000000,,  000,000,000,072                                                              
00722421,C7211207106,970577,201501,20150303,000000143392,000000000000,,  000,000,000,072                                                              
00724880,C6910887101,661428,201501,20150303,000000140399,000000000000,,  000,000,000,072                                                              
00728846,C6021611101,887763,201412,20150303,000005105571,000000000000,,  000,000,000,072                                                              
00728846,C6021713105,518425,201501,20150303,000000617962,000000000000,,  000,000,000,072                                                              
00728846,C6021713105,615745,201501,20150303,000000069452,000000000000,,  000,000,000,072                                                              
00728846,C6022525102,388359,201406,20150303,000000000000,000000000000,,  000,000,000,072                                                              
00728846,C6745518103,030835,201501,20150303,000000439296,000000000000,,  000,000,000,072                                                              
00728846,C6745518103,729469,201412,20150303,000000000000,000000250644,,  000,000,000,072                                                              
00728846,C6811907107,107144,201502,20150303,000001770924,000002024640,,  000,000,000,072                                                              
MM      ,C6751190102,137611,201501,20150303,000000117027,000000000000,,  000,000,000,030                                                              
