   00112,C6744616106,318646,201412,20150203,000000280484,000000123947,,  000,000,000,012                                                              
   04205,C5913320102,402122,201412,20150203,000003093667,000001655997,,  000,000,000,012                                                              
   04205,C6731365105,521293,201412,20150203,000000000000,000000000000,,  000,000,000,012                                                              
   04205,C6752007107,046767,201206,20150203,000000322810,000000000000,,  000,000,000,012                                                              
   04205,C6752007107,169057,201205,20150203,000000349402,000000000000,,  000,000,000,012                                                              
   04205,C6752007107,189903,201204,20150203,000000276886,000000000000,,  000,000,000,012                                                              
   04205,C6752007107,404501,201201,20150203,000000005746,000000000000,,  000,000,000,012                                                              
   04205,C6752007107,455001,201203,20150203,000000006226,000000000000,,  000,000,000,012                                                              
   04205,C6752007107,624697,201112,20150203,000000004554,000000000000,,  000,000,000,012                                                              
   04205,C6752007107,855813,201202,20150203,000000005874,000000000000,,  000,000,000,012                                                              
   04205,C6752007107,911835,201207,20150203,000000334697,000000000000,,  000,000,000,012                                                              
   04205,C6752014103,740673,201412,20150203,000000478128,000000232261,,  000,000,000,012                                                              
   04205,C6752014103,952766,201411,20150203,000000471612,000000000000,,  000,000,000,012                                                              
   04205,S3910584103,098869,201410,20150203,000000000000,000000074488,,  000,000,000,012                                                              
   05003,C6750355102,231080,201412,20150203,000000100200,000000027414,,  000,000,000,012                                                              
   05290,C6752007107,013351,201411,20150203,000000005544,000000000000,,  000,000,000,012                                                              
   05290,C6752007107,114919,201402,20150203,000000110414,000000049530,,  000,000,000,012                                                              
   05290,C6752007107,141658,201303,20150203,000000076177,000000000000,,  000,000,000,012                                                              
   05290,C6752007107,149591,201408,20150203,000000114830,000000000000,,  000,000,000,012                                                              
   05290,C6752007107,207476,201401,20150203,000000123717,000000000000,,  000,000,000,012                                                              
   05290,C6752007107,281570,201412,20150203,000000000575,000000000000,,  000,000,000,012                                                              
   05290,C6752007107,291912,201407,20150203,000000193359,000000000000,,  000,000,000,012                                                              
   05290,C6752007107,336569,201406,20150203,000000112787,000000000000,,  000,000,000,012                                                              
   05290,C6752007107,359301,201210,20150203,000000319529,000000000000,,  000,000,000,012                                                              
   05290,C6752007107,362526,201405,20150203,000000117036,000000000000,,  000,000,000,012                                                              
   05290,C6752007107,366914,201309,20150203,000000050720,000000000000,,  000,000,000,012                                                              
   05290,C6752007107,468147,201310,20150203,000000050932,000000000000,,  000,000,000,012                                                              
   05290,C6752007107,491392,201209,20150203,000000315609,000000000000,,  000,000,000,012                                                              
   05290,C6752007107,551341,201301,20150203,000000319945,000000000000,,  000,000,000,012                                                              
   05290,C6752007107,677043,201302,20150203,000000287986,000000000000,,  000,000,000,012                                                              
   05290,C6752007107,681650,201208,20150203,000000333349,000000000000,,  000,000,000,012                                                              
   05290,C6752007107,701697,201306,20150203,000000078001,000000004709,,  000,000,000,012                                                              
   05290,C6752007107,706354,201410,20150203,000000013271,000000000000,,  000,000,000,012                                                              
   05290,C6752007107,709510,201404,20150203,000000115280,000000000000,,  000,000,000,012                                                              
   05290,C6752007107,762124,201308,20150203,000000053959,000000000000,,  000,000,000,012                                                              
   05290,C6752007107,809500,201307,20150203,000000059005,000000000000,,  000,000,000,012                                                              
   05290,C6752007107,813137,201403,20150203,000000199224,000000000000,,  000,000,000,012                                                              
   05290,C6752007107,837601,201212,20150203,000000322167,000000000000,,  000,000,000,012                                                              
   05290,C6752007107,845882,201305,20150203,000000074421,000000000000,,  000,000,000,012                                                              
   05290,C6752007107,867374,201211,20150203,000000307195,000000000000,,  000,000,000,012                                                              
   05290,C6752007107,894175,201312,20150203,000000047792,000000000000,,  000,000,000,012                                                              
   05290,C6752007107,936692,201409,20150203,000000109098,000000000000,,  000,000,000,012                                                              
   05290,C6752007107,962774,201311,20150203,000000048775,000000000000,,  000,000,000,012                                                              
   05290,C6752007107,978525,201304,20150203,000000071165,000000000000,,  000,000,000,012                                                              
00000092,C6023219101,856147,201501,20150203,000000068257,000000000000,,  000,000,000,002                                                              
00000100,C5914715102,166774,201207,20150203,000000007857,000000000000,,  000,000,000,002                                                              
00000100,C5914715102,189307,201209,20150203,000000001072,000000000000,,  000,000,000,002                                                              
00000100,C5914715102,224599,201203,20150203,000000011306,000000000000,,  000,000,000,002                                                              
00000100,C5914715102,313336,201201,20150203,000000011922,000000000000,,  000,000,000,002                                                              
00000100,C5914715102,374279,201204,20150203,000000010843,000000022956,,  000,000,000,002                                                              
00000100,C5914715102,439591,201212,20150203,000000006842,000000013880,,  000,000,000,002                                                              
00000100,C5914715102,614738,201202,20150203,000000015056,000000025042,,  000,000,000,002                                                              
00000100,C5914715102,773748,201206,20150203,000000008165,000000017465,,  000,000,000,002                                                              
00000100,C5914715102,831550,201210,20150203,000000001099,000000002355,,  000,000,000,002                                                              
00000100,C5914715102,869412,201208,20150203,000000007170,000000016362,,  000,000,000,002                                                              
00000100,C5914715102,986228,201205,20150203,000000008934,000000000000,,  000,000,000,002                                                              
00000100,C5914715102,990436,201211,20150203,000000005907,000000000000,,  000,000,000,002                                                              
00000100,C6746109100,029307,201201,20150203,000000012368,000000000000,,  000,000,000,002                                                              
00000100,C6746109100,088162,201207,20150203,000000009431,000000000000,,  000,000,000,002                                                              
00000100,C6746109100,123858,201205,20150203,000000008552,000000000000,,  000,000,000,002                                                              
00000100,C6746109100,335640,201208,20150203,000000006714,000000015605,,  000,000,000,002                                                              
00000100,C6746109100,469468,201203,20150203,000000012946,000000000000,,  000,000,000,002                                                              
00000100,C6746109100,570095,201210,20150203,000000001696,000000002967,,  000,000,000,002                                                              
00000100,C6746109100,577071,201202,20150203,000000012976,000000023364,,  000,000,000,002                                                              
00000100,C6746109100,681389,201206,20150203,000000006951,000000014423,,  000,000,000,002                                                              
00000100,C6746109100,728371,201204,20150203,000000012367,000000024295,,  000,000,000,002                                                              
00000100,C6746109100,789571,201212,20150203,000000008536,000000016439,,  000,000,000,002                                                              
00000100,C6746109100,905843,201209,20150203,000000001267,000000000000,,  000,000,000,002                                                              
00000100,C6746109100,998984,201211,20150203,000000007942,000000000000,,  000,000,000,002                                                              
00000870,C6023390100,634472,201412,20150203,000001380290,000000965016,,  000,000,000,002                                                              
00000870,C6023390100,723731,201411,20150203,000001357319,000000000000,,  000,000,000,002                                                              
00000870,C6023390100,748841,201409,20150203,000000924868,000000000000,,  000,000,000,002                                                              
00000870,C6023390100,885917,201408,20150203,000000970299,000000000000,,  000,000,000,002                                                              
00000870,C6212974102,162222,201410,20150203,000000068389,000000019936,,  000,000,000,002                                                              
00000981,C6022812104,359749,201412,20150203,000001025612,000000781804,,  000,000,000,014                                                              
00000981,C7110240109,218426,201412,20150203,000003789538,000000000000,,  000,000,000,014                                                              
00004577,C6022719101,517601,201412,20150203,000000141216,000000130573,,  000,000,000,002                                                              
00005003,C6019450108,288811,201412,20150128,000000910706,000000693905,,  000,000,000,021                                                              
00005181,C7410623103,956855,201412,20150203,000000000000,000000084001,,  000,000,000,014                                                              
00007742,C6732241107,012018,201306,20150203,000000000000,000000055904,,  000,000,000,014                                                              
00007742,C6732241107,133455,201304,20150203,000000000000,000000249287,,  000,000,000,014                                                              
00007742,C6732241107,133581,201008,20150203,000000000000,000000343553,,  000,000,000,014                                                              
00007742,C6732241107,161500,201106,20150203,000000000000,000000305675,,  000,000,000,014                                                              
00007742,C6732241107,324749,201212,20150203,000000000000,000000254065,,  000,000,000,014                                                              
00007742,C6732241107,361549,201010,20150203,000000000000,000000329459,,  000,000,000,014                                                              
00007742,C6732241107,377499,201102,20150203,000000000000,000000293126,,  000,000,000,014                                                              
00007742,C6732241107,536950,201302,20150203,000000000000,000000280570,,  000,000,000,014                                                              
00007742,C6732241107,617880,201104,20150203,000000000000,000000308024,,  000,000,000,014                                                              
00007742,C6732241107,618941,201110,20150203,000000000000,000000291804,,  000,000,000,014                                                              
00007742,C6732241107,621760,201012,20150203,000000000000,000000320547,,  000,000,000,014                                                              
00007742,C6732241107,666225,201002,20150203,000000000000,000000341539,,  000,000,000,014                                                              
00007742,C6732241107,687278,201004,20150203,000000000000,000000346982,,  000,000,000,014                                                              
00007742,C6732241107,723983,201308,20150203,000000000000,000000055622,,  000,000,000,014                                                              
00007742,C6732241107,783136,201108,20150203,000000000000,000000304008,,  000,000,000,014                                                              
00007742,C6732241107,964769,201202,20150203,000000000000,000000279080,,  000,000,000,014                                                              
00007742,C6732241107,995886,201208,20150203,000000000000,000000272317,,  000,000,000,014                                                              
00010087,C6726189106,686134,201412,20150203,000000082213,000000077401,,  000,000,000,044                                                              
00100080,H2511586106,099682,201411,20150128,000000247787,000000000000,,  000,000,000,021                                                              
00100083,C6739590100,200955,201412,20150128,000000191564,000000123389,,  000,000,000,021                                                              
00100083,C6739590100,914953,201411,20150128,000000187453,000000000000,,  000,000,000,021                                                              
00100083,C6742586103,971320,201412,20150128,000000112456,000000052125,,  000,000,000,021                                                              
00100084,C6751545107,909385,201412,20150128,000000170411,000000064981,,  000,000,000,021                                                              
00100560,C6745310105,672842,201412,20150128,000000023522,000000015713,,  000,000,000,021                                                              
00100560,C6745310105,856014,201411,20150128,000000023900,000000000000,,  000,000,000,021                                                              
00100560,C6745310105,888023,201410,20150128,000000000000,000000008515,,  000,000,000,021                                                              
00100637,C6751117105,367315,201412,20150203,000000000000,000000342944,,  000,000,000,021                                                              
00101952,C6752420102,776525,201410,20150203,000002133116,000000814426,,  000,000,000,021                                                              
00103002,C6744947105,345639,201412,20150128,000000161305,000000077128,,  000,000,000,021                                                              
00103027,C6737998107,947395,201501,20150203,000002114629,000000000000,,  000,000,000,021                                                              
00103027,C6745266109,074322,201411,20150128,000000480643,000000000000,,  000,000,000,021                                                              
00720713,C6745155104,490501,201412,20150129,000000645370,000000000000,,  000,000,000,072                                                              
00720714,C6741173101,539151,201412,20150129,000000000000,000000298556,,  000,000,000,072                                                              
00720714,C6750943105,297203,201412,20150203,000000065530,000000044129,,  000,000,000,072                                                              
00721304,O2010622106,704083,201310,20150129,000000000000,000000000000,,  000,000,000,072                                                              
00721348,C6022413101,082542,201412,20150129,000000269132,000000070441,,  000,000,000,072                                                              
00721349,C6911472101,126930,201412,20150203,000000087795,000000075206,,  000,000,000,072                                                              
00721394,C6749706100,543878,201412,20150203,000000000000,000000000000,,  000,000,000,072                                                              
00721998,C6752472103,272545,201411,20150203,000000306611,000000000000,,  000,000,000,072                                                              
00721998,C6752472103,929958,201412,20150203,000000311797,000000173395,,  000,000,000,072                                                              
00722402,C6726536108,811866,201412,20150203,000000120475,000000067971,,  000,000,000,072                                                              
00722414,C6727445101,537040,201412,20150203,000000057412,000000025801,,  000,000,000,072                                                              
00722417,N8410242107,598732,201411,20150129,000000113584,000000000000,,  000,000,000,072                                                              
00722424,H2510936104,059105,201412,20150129,000000368921,000000218714,,  000,000,000,072                                                              
00722537,C6749669100,273888,201412,20150129,000000058711,000000030968,,  000,000,000,072                                                              
00724880,C6746573107,185402,201412,20150203,000009902742,000005138591,,  000,000,000,072                                                              
00728846,C5911284102,328087,201411,20150129,000037066934,000000000000,,  000,000,000,072                                                              
00728846,C5915241108,100136,201412,20150129,000000000000,000000000000,,  000,000,000,072                                                              
00728846,C5915241108,125175,201412,20150129,000000000000,000000000000,,  000,000,000,072                                                              
00728846,C5915241108,544075,201412,20150129,000000000000,000000000000,,  000,000,000,072                                                              
00728846,C6752366107,843040,201412,20150203,000001223356,000000693754,,  000,000,000,072                                                              
00728846,C6752807100,917241,201412,20150203,000000210688,000000218176,,  000,000,000,072                                                              
