   00177,C6018685100,372769,201104,20150120,000000000000,000000219128,,  000,000,000,012                                                              
   00177,C6018685100,382304,201106,20150120,000000000000,000000254660,,  000,000,000,012                                                              
   00177,C6018685100,885398,201102,20150120,000000000000,000000215513,,  000,000,000,012                                                              
   00177,C6744908107,104031,201412,20150120,000004225594,000004403433,,  000,000,000,012                                                              
   00177,N8511599108,325096,201412,20150120,000020437898,000000000000,,  000,000,000,012                                                              
   00561,N8410184101,165245,201412,20150120,000000443100,000000365261,,  000,000,000,012                                                              
   00693,C6811922106,960491,201410,20150120,000000118826,000000058662,,  000,000,000,012                                                              
   00693,H2511180108,113568,201412,20150120,000000182349,000000105193,,  000,000,000,012                                                              
   00693,L4410401100,103172,201412,20150120,000000123986,000000074904,,  000,000,000,012                                                              
   04205,C6022695103,810833,201411,20150120,000000045718,000000000000,,  000,000,000,012                                                              
   04205,C6749030105,933752,201412,20150120,000015587744,000000000000,,  000,000,000,012                                                              
   05232,C5914280107,932613,201208,20150120,000000000000,000002138130,,  000,000,000,012                                                              
   05298,H5112700109,214673,201412,20150120,000000219715,000000090675,,  000,000,000,012                                                              
   06535,C6742676102,556358,201412,20150120,000000196813,000000133762,,  000,000,000,012                                                              
   06535,C6749970102,379310,201412,20150120,000000941284,000000665001,,  000,000,000,012                                                              
   06549,C6746882102,459098,201410,20150120,000000000000,000000822172,,  000,000,000,012                                                              
   06573,H5111891107,247906,201412,20150120,000000504855,000000232209,,  000,000,000,012                                                              
   06573,H5112304100,443127,201412,20150120,000000214068,000000095616,,  000,000,000,012                                                              
00000131,C6738143109,316276,201412,20150120,000000199326,000000138729,,  000,000,000,002                                                              
00000131,C6751889109,209698,201412,20150120,000000219042,000000187170,,  000,000,000,002                                                              
00000305,C6750167101,155789,201412,20150120,000000433296,000000231486,,  000,000,000,002                                                              
00000519,C6212841103,420600,201003,20150120,000000201636,000000000000,,  000,000,000,002                                                              
00000870,C5915011105,367550,201412,20150120,000000232820,000000108900,,  000,000,000,002                                                              
00000870,C6023293106,862835,201412,20150120,000000258824,000000145654,,  000,000,000,002                                                              
00000870,C6725663101,137230,201412,20150120,000001266962,000000771850,,  000,000,000,002                                                              
00000870,C6726946109,459495,201412,20150120,000000125122,000000080704,,  000,000,000,002                                                              
00000870,C6743908108,232750,201412,20150120,000000148947,000000124218,,  000,000,000,002                                                              
00000870,C6750065107,153821,201412,20150120,000000000000,000001385713,,  000,000,000,002                                                              
00000870,C6750065107,430183,201412,20150120,000000000000,000000000000,,  000,000,000,002                                                              
00000870,C6750188107,929618,201412,20150120,000000000000,000000008292,,  000,000,000,002                                                              
00000870,C6751104103,982200,201412,20150120,000003703320,000002413716,,  000,000,000,002                                                              
00000870,C6751478101,362524,201412,20150120,000000546662,000000324180,,  000,000,000,002                                                              
00000870,C6811351108,832439,201412,20150120,000000713715,000000392368,,  000,000,000,002                                                              
00000870,C6812199100,384346,201412,20150120,000000059794,000000030073,,  000,000,000,002                                                              
00000870,C7210562105,464515,201412,20150120,000001798383,000001246961,,  000,000,000,002                                                              
00000870,H5110025103,770423,201412,20150120,000003159907,000003086481,,  000,000,000,002                                                              
00000870,N8512920105,150230,201411,20150120,000001268940,000000000000,,  000,000,000,002                                                              
00000870,N9810570105,809429,201412,20150120,000000662612,000000336838,,  000,000,000,002                                                              
00000870,O1010737104,633522,201412,20150120,000000250301,000000154431,,  000,000,000,002                                                              
00000981,C5914693101,553555,201412,20150120,000000071015,000000055274,,  000,000,000,014                                                              
00000981,C6740826105,927497,201412,20150120,000000527102,000000551694,,  000,000,000,014                                                              
00000981,C6749506104,635581,201412,20150120,000001276385,000002102077,,  000,000,000,014                                                              
00000981,C6749955103,956081,201412,20150120,000000487246,000000390063,,  000,000,000,014                                                              
00000981,C6750177100,040961,201412,20150120,000000183148,000000079928,,  000,000,000,014                                                              
00000981,C6911448101,976498,201412,20150120,000004876209,000005410048,,  000,000,000,014                                                              
00004149,C6749904101,762229,201412,20150120,000000264295,000000182066,,  000,000,000,002                                                              
00004414,C6811620106,684761,201412,20150120,000000056095,000000025801,,  000,000,000,002                                                              
00004463,C6750747100,955512,201412,20150120,000000427021,000000249660,,  000,000,000,002                                                              
00004469,C6719391107,306923,201412,20150120,000000325685,000000218327,,  000,000,000,002                                                              
00005002,C6752023104,167915,201412,20150120,000024203757,000031314939,,  000,000,000,021                                                              
00005003,C6019450108,166403,201411,20150120,000000895528,000000000000,,  000,000,000,021                                                              
00005003,C6021217107,926662,201410,20150120,000000479815,000000314517,,  000,000,000,021                                                              
00005003,C6023737102,482048,201412,20150120,000000643098,000000276611,,  000,000,000,021                                                              
00005003,C6212007101,352948,201412,20150120,000000503381,000000522687,,  000,000,000,021                                                              
00005003,C6746553109,985526,201411,20150120,000000171120,000000000000,,  000,000,000,021                                                              
00005003,L4510017137,454292,200906,20150120,000000000000,000000000000,,  000,000,000,021                                                              
00005003,N9111125104,582313,201412,20150120,000006481177,000005333670,,  000,000,000,021                                                              
00005003,O1110593100,266777,201412,20150120,000000794058,000000642399,,  000,000,000,021                                                              
00005181,C7411133102,658256,201412,20150120,000000236650,000000127450,,  000,000,000,014                                                              
00005208,C6720216103,703529,201412,20150120,000061759899,000058014465,,  000,000,000,014                                                              
00006568,C6017494108,397773,201412,20150120,000000385360,000000401298,,  000,000,000,002                                                              
00006568,C6744701106,229367,201412,20150120,000000132095,000000079914,,  000,000,000,002                                                              
00007163,C6023476107,094460,201412,20150120,000000550536,000000233577,,  000,000,000,002                                                              
00100094,C6741452109,585136,201412,20150120,000000173691,000000158711,,  000,000,000,021                                                              
00100094,O1010691103,357067,201412,20150120,000000233772,000000095584,,  000,000,000,021                                                              
00100637,C6016552104,509620,201412,20150120,000000000000,000000067743,,  000,000,000,021                                                              
00100637,C6736059109,701946,201408,20150120,000000000000,000000029841,,  000,000,000,021                                                              
00100637,C6751117105,854636,201412,20150120,000000657260,000000000000,,  000,000,000,021                                                              
00101177,H5112997101,784237,201412,20150120,000000067920,000000027098,,  000,000,000,021                                                              
00101607,N9110731100,939567,201412,20150120,000000116790,000000060692,,  000,000,000,021                                                              
00101915,C5915163104,042976,201412,20150120,000000070758,000000032904,,  000,000,000,021                                                              
00380007,C6750989108,904044,201411,20150120,000000481138,000000000000,,  000,000,000,044                                                              
00720295,C6745831100,135205,201412,20150120,000000056814,000000027225,,  000,000,000,072                                                              
00720713,C6748954107,263287,201412,20150120,000001262838,000000536630,,  000,000,000,072                                                              
00720713,C6750300108,782986,201412,20150120,000000070137,000000032370,,  000,000,000,072                                                              
00720714,C6746426108,798988,201412,20150120,000000234848,000000136616,,  000,000,000,072                                                              
00720714,C6753211104,184537,201412,20150120,000000115334,000000052499,,  000,000,000,072                                                              
00721297,C6213161105,862190,201412,20150120,000000236670,000000099572,,  000,000,000,072                                                              
00721348,C6212263100,553005,201412,20150120,000000117705,000000056769,,  000,000,000,072                                                              
00721348,C6749706100,262215,201412,20150120,000000412575,000000155412,,  000,000,000,072                                                              
00721394,C6746031106,390663,201412,20150120,000000186573,000000113539,,  000,000,000,072                                                              
00721998,C6724773109,696037,201412,20150120,000000332740,000000232260,,  000,000,000,072                                                              
00722408,C6016559109,870403,201106,20150120,000000090798,000000000000,,  000,000,000,072                                                              
00722409,16013148107,051979,201412,20150120,000002420802,000001434433,,  000,000,000,072                                                              
00722414,C6745745102,803823,201412,20150120,000000073877,000000060930,,  000,000,000,072                                                              
00722414,C6750347109,039903,201411,20150120,000000321266,000000000000,,  000,000,000,072                                                              
00722414,C6750347109,761925,201412,20150120,000000326704,000000294948,,  000,000,000,072                                                              
00722414,C6812167107,975490,201412,20150120,000000140780,000000080920,,  000,000,000,072                                                              
00722414,O1110370103,165047,201412,20150120,000000199445,000000138972,,  000,000,000,072                                                              
00722414,O1110400108,847790,201412,20150120,000000129987,000000086766,,  000,000,000,072                                                              
00722414,O1110616109,791647,201412,20150120,000000129987,000000086766,,  000,000,000,072                                                              
00722417,C6747875105,527992,201412,20150120,000000029266,000000016579,,  000,000,000,072                                                              
00722417,C6751238109,864193,201412,20150120,000000123084,000000373136,,  000,000,000,072                                                              
00722417,O1110420106,171194,201412,20150120,000000025835,000000027220,,  000,000,000,072                                                              
00722423,O1010184109,827831,201409,20150120,000000199387,000000000000,,  000,000,000,072                                                              
00722434,C6910131104,941387,201411,20150120,000000186151,000000000000,,  000,000,000,072                                                              
00722434,C6910131104,988486,201410,20150120,000000263101,000000130983,,  000,000,000,072                                                              
00722445,C7411241103,152228,201110,20150120,000000000000,000000000000,,  000,000,000,072                                                              
00722445,C7411241103,221214,201108,20150120,000000000000,000000000000,,  000,000,000,072                                                              
00722445,C7411241103,401543,201202,20150120,000000000000,000000000000,,  000,000,000,072                                                              
00722445,C7411241103,589505,201112,20150120,000000000000,000000000000,,  000,000,000,072                                                              
00722537,C6739963109,270764,201412,20150120,000000056095,000000025801,,  000,000,000,072                                                              
00722537,C6752412109,134010,201412,20150120,000000120586,000000061936,,  000,000,000,072                                                              
00724880,C6910887101,587318,201412,20150120,000000166302,000000000000,,  000,000,000,072                                                              
00728846,16011047103,203534,201410,20150120,000000000000,000000000000,,  000,000,000,072                                                              
00728846,C5914073106,871955,201412,20150120,000116687584,000100484650,,  000,000,000,072                                                              
00728846,C6017907109,989858,201412,20150120,000001607994,000000770913,,  000,000,000,072                                                              
00728846,C6022137106,162636,201412,20150120,000000005897,000000030594,,  000,000,000,072                                                              
00728846,C6022525102,833868,201412,20150120,000000000000,000000000000,,  000,000,000,072                                                              
00728846,C6023280103,154625,201412,20150120,000000305983,000000243084,,  000,000,000,072                                                              
00728846,C6720066102,518608,201412,20150120,000000000000,000000213422,,  000,000,000,072                                                              
00728846,C6733354107,825385,201412,20150120,000000574650,000000282352,,  000,000,000,072                                                              
00728846,C6740159101,806999,201412,20150120,000001467660,000000859037,,  000,000,000,072                                                              
00728846,C6749738103,200447,201412,20150120,000000280475,000000129005,,  000,000,000,072                                                              
00728846,C6750453105,377952,201412,20150120,000000930250,000000673755,,  000,000,000,072                                                              
00728846,C6750837109,210614,201412,20150120,000000374378,000000235168,,  000,000,000,072                                                              
00728846,C6910845109,177574,201412,20150120,000012970642,000000000000,,  000,000,000,072                                                              
00728846,L4510667105,418922,201412,20150120,000000309405,000000186658,,  000,000,000,072                                                              
00728846,L9810139101,890128,201412,20150120,000000423345,000000277839,,  000,000,000,072                                                              
00728846,N8512411105,824367,201412,20150120,000000940672,000000633867,,  000,000,000,072                                                              
00728846,O1110676103,345695,201412,20150120,000000997502,000000523139,,  000,000,000,072                                                              
047     ,C6738320103,240913,201412,20150120,000000702329,000000577349,,  000,000,000,062                                                              
501     ,C5915310101,657620,201412,20150120,000003250444,000001662047,,  000,000,000,062                                                              
501     ,C6749920107,299064,201412,20150120,000000330737,000000228300,,  000,000,000,062                                                              
