   00114,S4710358102,871009,201503,20150427,000003108901,000000000000,,  000,000,000,012                                                              
   00177,16093802102,285408,200008,20150427,000000000000,000001487992,,  000,000,000,012                                                              
   00177,C6751184105,361427,201503,20150427,000000181381,000000000000,,  000,000,000,012                                                              
   00563,N8511975100,303930,201503,20150427,000000295630,000000000000,,  000,000,000,012                                                              
   04205,C5914176107,643072,201503,20150427,000000925239,000000000000,,  000,000,000,012                                                              
   04205,C6018649106,639915,201503,20150427,000003146734,000000000000,,  000,000,000,012                                                              
   04205,C6737607104,541236,201503,20150427,000000733252,000000000000,,  000,000,000,012                                                              
   04205,C6741427101,707943,200610,20150427,000000000000,000000000000,,  000,000,000,012                                                              
   04205,C6746882102,760963,201302,20150427,000000000000,000001953496,,  000,000,000,012                                                              
   04205,C6749911106,068535,201503,20150427,000000024484,000000000000,,  000,000,000,012                                                              
   04205,C6751333108,655876,201502,20150427,000000000000,000000000000,,  000,000,000,012                                                              
   04205,C6751413108,724220,201503,20150427,000000127960,000000000000,,  000,000,000,012                                                              
   04205,C6911318106,623959,201502,20150427,000000000000,000000000000,,  000,000,000,012                                                              
   04205,L4510259101,964393,201503,20150427,000000388421,000000000000,,  000,000,000,012                                                              
   06535,N8410448100,926490,201503,20150427,000000485747,000000000000,,  000,000,000,012                                                              
   06542,C6752912108,377296,201503,20150427,000000613153,000000000000,,  000,000,000,012                                                              
00000799,C6211231108,242287,201503,20150427,000000058817,000000000000,,  000,000,000,002                                                              
00000870,C5914567107,206292,200708,20150427,000000000000,000000000000,,  000,000,000,002                                                              
00000870,C5914567107,676362,200706,20150427,000000000000,000000000000,,  000,000,000,002                                                              
00000870,C5914567107,964347,200612,20150427,000000000000,000000000000,,  000,000,000,002                                                              
00000870,C6726783106,680532,201502,20150427,000000562293,000000320339,,  000,000,000,002                                                              
00000870,C6736585103,858911,201503,20150427,000000444963,000000000000,,  000,000,000,002                                                              
00000870,C6750344106,814918,201410,20150427,000000000000,000000000000,,  000,000,000,002                                                              
00000870,C6750344106,931922,201406,20150427,000000000000,000000000000,,  000,000,000,002                                                              
00001831,C6752457104,884467,201503,20150427,000000297075,000000000000,,  000,000,000,014                                                              
00005190,O1510394109,034783,201503,20150427,000000119628,000000000000,,  000,000,000,014                                                              
00100637,O1110555109,269225,201502,20150427,000000000000,000000031456,,  000,000,000,021                                                              
00100637,O1110657103,110207,201502,20150427,000000000000,000000226428,,  000,000,000,021                                                              
00101151,C6731590108,122388,201502,20150427,000000079325,000000082863,,  000,000,000,021                                                              
00101151,C6731590108,675163,201412,20150427,000000089857,000000087653,,  000,000,000,021                                                              
00101903,C6725302106,501625,201503,20150427,000000173197,000000000000,,  000,000,000,021                                                              
00101952,C6752420102,815009,201502,20150427,000001617544,000000919992,,  000,000,000,021                                                              
00103027,C6737794100,113893,200702,20150427,000000000000,000000000000,,  000,000,000,021                                                              
00103027,C6737794100,639296,200704,20150427,000000000000,000000000000,,  000,000,000,021                                                              
00721297,C5913688102,463539,201312,20150427,000000000000,000002682295,,  000,000,000,072                                                              
00721297,C6752445109,378731,201503,20150427,000000079307,000000000000,,  000,000,000,072                                                              
00721348,C6752395106,979198,201503,20150427,000001110938,000000000000,,  000,000,000,072                                                              
00721349,C6752298102,049385,201503,20150427,000000390671,000000000000,,  000,000,000,072                                                              
00721349,C6752298102,502697,201502,20150427,000000000000,000000000000,,  000,000,000,072                                                              
00722431,C6749311109,673286,201503,20150427,000000179596,000000000000,,  000,000,000,072                                                              
00722431,O1910477108,081413,201306,20150427,000000000000,000000041048,,  000,000,000,072                                                              
00722431,O1910477108,488583,201410,20150427,000000000000,000000058940,,  000,000,000,072                                                              
00722431,O1910477108,615364,201502,20150427,000000000000,000000030407,,  000,000,000,072                                                              
00722431,O1910477108,707455,201308,20150427,000000000000,000000019772,,  000,000,000,072                                                              
00722431,O1910477108,741583,201406,20150427,000000000000,000000070536,,  000,000,000,072                                                              
00728846,C6021660108,011611,201409,20150427,000001245770,000000000000,,  000,000,000,072                                                              
00728846,C6021660108,058552,201311,20150427,000001386868,000000000000,,  000,000,000,072                                                              
00728846,C6021660108,240850,201303,20150427,000001568309,000000000000,,  000,000,000,072                                                              
00728846,C6021660108,285454,201405,20150427,000001358113,000000000000,,  000,000,000,072                                                              
00728846,C6021660108,325741,201301,20150427,000001556914,000000000000,,  000,000,000,072                                                              
00728846,C6021660108,412614,201408,20150427,000001306493,000001090177,,  000,000,000,072                                                              
00728846,C6021660108,524545,201407,20150427,000001324802,000000000000,,  000,000,000,072                                                              
00728846,C6021660108,573832,201307,20150427,000001518543,000000000000,,  000,000,000,072                                                              
00728846,C6021660108,641831,201403,20150427,000001378337,000000000000,,  000,000,000,072                                                              
00728846,C6021660108,681509,201306,20150427,000001482435,000001282453,,  000,000,000,072                                                              
00728846,C6021660108,690376,201305,20150427,000001544858,000000000000,,  000,000,000,072                                                              
00728846,C6021660108,691666,201312,20150427,000001411418,000001181636,,  000,000,000,072                                                              
00728846,C6021660108,750973,201406,20150427,000001298816,000001101864,,  000,000,000,072                                                              
00728846,C6021660108,830883,201308,20150427,000001500375,000001276677,,  000,000,000,072                                                              
00728846,C6021660108,847283,201404,20150427,000001323161,000001122485,,  000,000,000,072                                                              
00728846,C6021660108,926307,201310,20150427,000001460160,000001222436,,  000,000,000,072                                                              
00728846,C6021660108,935095,201309,20150427,000001433159,000000000000,,  000,000,000,072                                                              
00728846,C6021660108,935883,201402,20150427,000001260659,000001108272,,  000,000,000,072                                                              
00728846,C6021660108,941260,201302,20150427,000001387269,000001290466,,  000,000,000,072                                                              
00728846,C6021660108,956724,201401,20150427,000001413016,000000000000,,  000,000,000,072                                                              
00728846,C6021660108,993038,201304,20150427,000001503334,000001300548,,  000,000,000,072                                                              
00728846,C6747320102,044720,201503,20150427,000000059740,000000000000,,  000,000,000,072                                                              
