     181,C6745928104,587318,201412,20150105,000000056901,000000028341,,  000,000,000,036                                                              
   00112,16010608103,186444,201411,20150105,000000055945,000000000000,,  000,000,000,012                                                              
   00177,C5910017107,660305,201411,20150105,000022567799,000000000000,,  000,000,000,012                                                              
   00562,C6724523108,861889,201411,20150105,000000227248,000000000000,,  000,000,000,012                                                              
   00562,C6724523108,920310,201410,20150105,000000237445,000000260918,,  000,000,000,012                                                              
   04205,C6010264102,210457,201410,20150105,000000000000,000000000000,,  000,000,000,012                                                              
   04205,C6752320104,341667,201411,20150105,000000422163,000000000000,,  000,000,000,012                                                              
   04205,N9010439101,309776,201412,20150105,000000243712,000000152386,,  000,000,000,012                                                              
   04205,N9210641100,074577,201412,20150105,000000163809,000000072853,,  000,000,000,012                                                              
00000131,C6020350107,201073,201412,20150105,000000205985,000000154737,,  000,000,000,002                                                              
00000131,C6744249106,848141,201412,20150105,000000390328,000000158456,,  000,000,000,002                                                              
00000153,C7110211100,905311,201412,20150105,000000055717,000000026006,,  000,000,000,014                                                              
00000153,O1810118109,030313,201412,20150105,000000055467,000000025512,,  000,000,000,014                                                              
00000870,C6724798106,024103,201412,20150105,000000462668,000000631453,,  000,000,000,002                                                              
00000870,C6752025109,463554,201412,20150105,000000388028,000000518742,,  000,000,000,002                                                              
00002208,C6744701106,183708,201411,20150105,000000122235,000000000000,,  000,000,000,014                                                              
00005181,C7411292130,806388,201410,20150105,000000231636,000000110996,,  000,000,000,014                                                              
00100560,C6740589109,760769,201411,20150105,000000112068,000000000000,,  000,000,000,021                                                              
00100637,C6020557107,053367,201212,20150105,000000000000,000000000000,,  000,000,000,021                                                              
00100637,C6020557107,094032,201104,20150105,000000000000,000000000000,,  000,000,000,021                                                              
00100637,C6020557107,102353,201106,20150105,000000000000,000000000000,,  000,000,000,021                                                              
00100637,C6020557107,113961,201208,20150105,000000000000,000000000000,,  000,000,000,021                                                              
00100637,C6020557107,119743,201212,20150105,000000000000,000000041917,,  000,000,000,021                                                              
00100637,C6020557107,122322,201104,20150105,000000000000,000000052530,,  000,000,000,021                                                              
00100637,C6020557107,161328,201110,20150105,000000000000,000000000000,,  000,000,000,021                                                              
00100637,C6020557107,173120,201206,20150105,000000000000,000000000000,,  000,000,000,021                                                              
00100637,C6020557107,231322,201204,20150105,000000000000,000000046198,,  000,000,000,021                                                              
00100637,C6020557107,236033,201408,20150105,000000000000,000000000000,,  000,000,000,021                                                              
00100637,C6020557107,262612,201112,20150105,000000000000,000000000000,,  000,000,000,021                                                              
00100637,C6020557107,289846,201210,20150105,000000000000,000000043054,,  000,000,000,021                                                              
00100637,C6020557107,301863,201204,20150105,000000000000,000000000000,,  000,000,000,021                                                              
00100637,C6020557107,316552,201304,20150105,000000000000,000000039750,,  000,000,000,021                                                              
00100637,C6020557107,387454,201410,20150105,000000000000,000000031564,,  000,000,000,021                                                              
00100637,C6020557107,387827,201312,20150105,000000000000,000000036016,,  000,000,000,021                                                              
00100637,C6020557107,404180,201302,20150105,000000000000,000000000000,,  000,000,000,021                                                              
00100637,C6020557107,424219,201408,20150105,000000000000,000000033121,,  000,000,000,021                                                              
00100637,C6020557107,434983,201202,20150105,000000000000,000000046078,,  000,000,000,021                                                              
00100637,C6020557107,441183,201108,20150105,000000000000,000000051839,,  000,000,000,021                                                              
00100637,C6020557107,463891,201304,20150105,000000000000,000000000000,,  000,000,000,021                                                              
00100637,C6020557107,470436,201112,20150105,000000000000,000000048045,,  000,000,000,021                                                              
00100637,C6020557107,486236,201308,20150105,000000000000,000000000000,,  000,000,000,021                                                              
00100637,C6020557107,493670,201310,20150105,000000000000,000000037287,,  000,000,000,021                                                              
00100637,C6020557107,498214,201308,20150105,000000000000,000000038967,,  000,000,000,021                                                              
00100637,C6020557107,511423,201306,20150105,000000000000,000000000000,,  000,000,000,021                                                              
00100637,C6020557107,560715,201202,20150105,000000000000,000000000000,,  000,000,000,021                                                              
00100637,C6020557107,576072,201412,20150105,000000058162,000000030622,,  000,000,000,021                                                              
00100637,C6020557107,617501,201208,20150105,000000000000,000000044946,,  000,000,000,021                                                              
00100637,C6020557107,620226,201310,20150105,000000000000,000000000000,,  000,000,000,021                                                              
00100637,C6020557107,666359,201404,20150105,000000000000,000000000000,,  000,000,000,021                                                              
00100637,C6020557107,684930,201306,20150105,000000000000,000000039172,,  000,000,000,021                                                              
00100637,C6020557107,725423,201108,20150105,000000000000,000000000000,,  000,000,000,021                                                              
00100637,C6020557107,731265,201410,20150105,000000000000,000000000000,,  000,000,000,021                                                              
00100637,C6020557107,738810,201411,20150105,000000056921,000000000000,,  000,000,000,021                                                              
00100637,C6020557107,772595,201110,20150105,000000000000,000000049749,,  000,000,000,021                                                              
00100637,C6020557107,806603,201206,20150105,000000000000,000000045366,,  000,000,000,021                                                              
00100637,C6020557107,812352,201210,20150105,000000000000,000000000000,,  000,000,000,021                                                              
00100637,C6020557107,818144,201402,20150105,000000000000,000000033752,,  000,000,000,021                                                              
00100637,C6020557107,851009,201106,20150105,000000000000,000000052127,,  000,000,000,021                                                              
00100637,C6020557107,872099,201402,20150105,000000000000,000000000000,,  000,000,000,021                                                              
00100637,C6020557107,881597,201302,20150105,000000000000,000000039470,,  000,000,000,021                                                              
00100637,C6020557107,890373,201404,20150105,000000000000,000000034159,,  000,000,000,021                                                              
00100637,C6020557107,901884,201406,20150105,000000000000,000000033500,,  000,000,000,021                                                              
00100637,C6020557107,938261,201406,20150105,000000000000,000000000000,,  000,000,000,021                                                              
00100637,C6020557107,953332,201312,20150105,000000000000,000000000000,,  000,000,000,021                                                              
00720280,C6022435104,078992,201410,20150105,000000064460,000000040695,,  000,000,000,072                                                              
00722418,H5112468103,150780,201411,20150105,000000054821,000000000000,,  000,000,000,072                                                              
00722418,H5112993100,952766,201410,20150105,000000000000,000000088914,,  000,000,000,072                                                              
00722430,C6020012103,358899,201411,20150105,000000137240,000000000000,,  000,000,000,072                                                              
00722445,O1510305139,735816,201102,20150105,000000000000,000000000000,,  000,000,000,072                                                              
00728846,C6020240100,323287,201412,20150105,000000322731,000000215453,,  000,000,000,072                                                              
00728846,C6747320102,152336,201410,20150105,000000000000,000000000000,,  000,000,000,072                                                              
00728846,C6750071105,317953,201412,20150105,000002956086,000001725768,,  000,000,000,072                                                              
