00000177,C6737596109,321052,201501,20150211,000000911182,000000000000,,  000,000,000,012                                                              
00000177,C6742248100,645199,201501,20150211,000000552294,000000000000,,  000,000,000,012                                                              
00004205,C5914635102,807827,201409,20150211,000000226519,000000000000,,  000,000,000,012                                                              
00004205,C5914635102,850103,201408,20150211,000000046861,000000000000,,  000,000,000,012                                                              
00004205,C6020479104,454611,201501,20150211,000000707872,000000000000,,  000,000,000,012                                                              
00004205,C6022695103,191811,201501,20150211,000001281207,000000000000,,  000,000,000,012                                                              
00004205,C6211404101,837180,201501,20150211,000004002479,000000000000,,  000,000,000,012                                                              
00004205,C6717100104,330025,201501,20150211,000000758804,000000000000,,  000,000,000,012                                                              
00004205,C6731995109,681530,201501,20150211,000002376480,000000000000,,  000,000,000,012                                                              
00004205,C6737174105,356987,201501,20150211,000001156506,000000000000,,  000,000,000,012                                                              
00004205,C6738001109,170065,201501,20150211,000001942510,000000000000,,  000,000,000,012                                                              
00004205,C6738235103,004590,201501,20150211,000000408772,000000000000,,  000,000,000,012                                                              
00004205,C6738287104,349133,201412,20150211,000000000000,000000148612,,  000,000,000,012                                                              
00004205,C6738287104,553173,201412,20150211,000000261501,000000000000,,  000,000,000,012                                                              
00004205,C6747502105,170333,201501,20150211,000000428883,000000000000,,  000,000,000,012                                                              
00004205,C6747956103,324824,201006,20150211,000001586137,000000000000,,  000,000,000,012                                                              
00004205,C6749287101,278068,201501,20150211,000000814441,000000000000,,  000,000,000,012                                                              
00004205,C6750542105,251350,201501,20150211,000000273001,000000000000,,  000,000,000,012                                                              
00004205,C6751660104,162346,201501,20150211,000000211846,000000000000,,  000,000,000,012                                                              
00004205,C6752384100,623466,201501,20150211,000000064722,000000000000,,  000,000,000,012                                                              
00004205,C6911422106,097250,201501,20150211,000002909522,000000000000,,  000,000,000,012                                                              
00004205,O1010719102,174924,201501,20150211,000000564840,000000000000,,  000,000,000,012                                                              
00004677,C6751233100,844032,201410,20150211,000000000000,000000000000,,  000,000,000,012                                                              
00005125,C6751045108,869442,201501,20150211,000000155836,000000000000,,  000,000,000,012                                                              
00005290,C6744477103,515652,201501,20150211,000001100180,000000000000,,  000,000,000,012                                                              
00000153,C7111511102,171918,201501,20150211,000000141792,000000000000,,  000,000,000,014                                                              
00000153,O1810061101,757645,201501,20150211,000000057787,000000000000,,  000,000,000,014                                                              
00000157,L4410402108,580679,201501,20150211,000000116525,000000000000,,  000,000,000,014                                                              
00000305,C6753010100,073921,201501,20150211,000000085682,000000000000,,  000,000,000,002                                                              
00000824,N8510331107,373558,201501,20150211,000001570823,000000000000,,  000,000,000,002                                                              
00000839,C6022522109,386410,201501,20150211,000001763749,000000000000,,  000,000,000,002                                                              
00000839,C6022522109,685050,201411,20150211,000001346152,000000000000,,  000,000,000,002                                                              
00000839,C6022522109,873878,201412,20150211,000001473556,000000684437,,  000,000,000,002                                                              
00000870,C5915074103,841900,201501,20150211,000000226656,000000000000,,  000,000,000,002                                                              
00000870,C6022813102,874336,201501,20150211,000000979261,000000000000,,  000,000,000,002                                                              
00000870,C6721826108,614524,201410,20150211,000000485595,000000000000,,  000,000,000,002                                                              
00000870,C6745227101,002209,201501,20150211,000020398565,000000000000,,  000,000,000,002                                                              
00000870,C6746804106,435920,201412,20150211,000000221816,000000085825,,  000,000,000,002                                                              
00000870,C6911481102,242744,201501,20150211,000000590629,000000000000,,  000,000,000,002                                                              
00000981,C5915069103,488883,201501,20150211,000005618949,000000000000,,  000,000,000,014                                                              
00000981,C5915099100,768668,201501,20150211,000000123031,000000000000,,  000,000,000,014                                                              
00000981,C6718058103,877819,201501,20150211,000000801215,000000000000,,  000,000,000,014                                                              
00000981,C6722377101,507031,201501,20150211,000001398269,000000000000,,  000,000,000,014                                                              
00000981,C6722936104,648044,201412,20150211,000000197725,000000080245,,  000,000,000,014                                                              
00000981,C6735925102,134854,201501,20150211,000004669430,000000000000,,  000,000,000,014                                                              
00000981,C6736201107,095780,201412,20150211,000000000000,000000000000,,  000,000,000,014                                                              
00000981,C6739766106,297325,201410,20150211,000000000000,000000000000,,  000,000,000,014                                                              
00000981,C6742190104,715010,201501,20150211,000000908829,000000000000,,  000,000,000,014                                                              
00000981,C6746002107,231808,201412,20150211,000000059402,000000207699,,  000,000,000,014                                                              
00000981,C6746002107,382652,201411,20150211,000000740797,000000000000,,  000,000,000,014                                                              
00000981,C6746002107,687444,201501,20150211,000000060515,000000000000,,  000,000,000,014                                                              
00000981,C6751739106,515652,201501,20150211,000008886766,000000000000,,  000,000,000,014                                                              
00000981,C6751917108,954778,201501,20150211,000009950212,000000000000,,  000,000,000,014                                                              
00004441,C6741860103,697002,201501,20150211,000000312245,000000000000,,  000,000,000,002                                                              
00004469,O1010776102,711570,201411,20150211,000000744663,000000000000,,  000,000,000,002                                                              
00004469,O1010776102,888485,201412,20150211,000000757273,000000402872,,  000,000,000,002                                                              
00005003,C5915240100,843746,201501,20150211,000001676869,000000000000,,  000,000,000,021                                                              
00100560,C6740363109,005166,200712,20150211,000000000000,000000000000,,  000,000,000,021                                                              
00100560,C6740363109,158713,200810,20150211,000000000000,000000000000,,  000,000,000,021                                                              
00100560,C6740363109,447408,200804,20150211,000000000000,000000000000,,  000,000,000,021                                                              
00100560,C6740363109,661894,200612,20150211,000000000000,000000000000,,  000,000,000,021                                                              
00100560,C6740363109,708771,200806,20150211,000000000000,000000000000,,  000,000,000,021                                                              
00100560,C6740363109,886114,200710,20150211,000000000000,000000000000,,  000,000,000,021                                                              
00100560,C6740363109,985195,200802,20150211,000000000000,000000000000,,  000,000,000,021                                                              
00100637,N9110808106,680669,201008,20150211,000000000000,000000097513,,  000,000,000,021                                                              
00720713,C6736857106,836585,201412,20150211,000000473202,000000449039,,  000,000,000,072                                                              
00720713,C6748152108,473889,201501,20150211,000000229092,000000000000,,  000,000,000,072                                                              
00720713,C6748795104,156683,201501,20150211,000000057787,000000000000,,  000,000,000,072                                                              
00720713,C6752920101,534782,201501,20150211,000000096019,000000000000,,  000,000,000,072                                                              
00720714,C6752887102,380667,201501,20150211,000000436919,000000000000,,  000,000,000,072                                                              
00721297,C6212832102,751777,201109,20150211,000000071312,000000000000,,  000,000,000,072                                                              
00721297,C6212832102,771389,201110,20150211,000000099036,000000031551,,  000,000,000,072                                                              
00721394,C6750689104,948997,201112,20150211,000000000000,000000000000,,  000,000,000,072                                                              
00721998,C6812092107,031744,201206,20150211,000000000000,000000208319,,  000,000,000,072                                                              
00721998,C6812092107,881924,201208,20150211,000000000000,000000204402,,  000,000,000,072                                                              
00721998,C6812092107,882179,201210,20150211,000000000000,000000044654,,  000,000,000,072                                                              
00722416,C6213051108,095619,201410,20150211,000000000000,000000078374,,  000,000,000,072                                                              
00722416,C6213051108,170570,201402,20150211,000000000000,000000246260,,  000,000,000,072                                                              
00722416,C6213051108,242317,201408,20150211,000000000000,000000225733,,  000,000,000,072                                                              
00722416,C6213051108,594459,201404,20150211,000000000000,000000182646,,  000,000,000,072                                                              
00722424,H2510277103,045876,201501,20150211,000001122790,000000000000,,  000,000,000,072                                                              
00722434,C6910131104,946325,201412,20150211,000000195037,000000091256,,  000,000,000,072                                                              
00728846,C6018910102,725246,201412,20150211,000000000000,000000008274,,  000,000,000,072                                                              
00728846,C6021660108,413540,201501,20150211,000003952858,000000000000,,  000,000,000,072                                                              
00728846,C6022711108,902431,201501,20150211,000000211587,000000000000,,  000,000,000,072                                                              
00728846,N9110436106,851142,201501,20150211,000005842076,000000000000,,  000,000,000,072                                                              
501     ,C6736732101,359910,201501,20150211,000000142797,000000000000,,  000,000,000,062                                                              
MM      ,C6743365101,545738,200511,20150211,000000080063,000000000000,,  000,000,000,030                                                              
admin   ,C6739936105,019203,201501,20150211,000000182530,000000000000,,  000,000,000,030                                                              
