00101903,C6741478104,059003,200712,20150209,000000000000,000000000000,,  000,000,000,021                                                              
   00053,N8710137106,850410,201501,20150209,000000204327,000000000000,,  000,000,000,012                                                              
   00563,N8511785103,195763,201206,20150209,000000000000,000000000000,,  000,000,000,012                                                              
   00563,N8511785103,424999,201204,20150209,000000000000,000000000000,,  000,000,000,012                                                              
   00563,S3910561101,575096,201501,20150209,000000249228,000000000000,,  000,000,000,012                                                              
   00693,O1210075107,937614,201501,20150209,000000846660,000000600000,,  000,000,000,012                                                              
   04205,C6017673107,740372,201501,20150209,000002227240,000000000000,,  000,000,000,012                                                              
   04205,C6019061103,048260,201411,20150209,000016757013,000000000000,,  000,000,000,012                                                              
   04205,C6019061103,384361,201410,20150209,000018042313,000000000000,,  000,000,000,012                                                              
   04205,C6019565103,291069,201411,20150209,000000118551,000000000000,,  000,000,000,012                                                              
   04205,C6743241104,661369,201501,20150209,000000255106,000000000000,,  000,000,000,012                                                              
   04205,N9010439101,591911,201501,20150209,000000249043,000000000000,,  000,000,000,012                                                              
   04205,O1010308104,658393,201501,20150209,000000061395,000000000000,,  000,000,000,012                                                              
   04205,O1510987100,243893,201501,20150209,000000501205,000000000000,,  000,000,000,012                                                              
   04744,C6213133104,033522,201206,20150209,000000000000,000000069960,,  000,000,000,012                                                              
   04744,C6213133104,112716,201112,20150209,000000000000,000000037400,,  000,000,000,012                                                              
   04744,C6213133104,137566,201208,20150209,000000000000,000000069876,,  000,000,000,012                                                              
   04744,C6213133104,487185,201202,20150209,000000000000,000000071196,,  000,000,000,012                                                              
   04744,C6213133104,687478,201204,20150209,000000000000,000000071171,,  000,000,000,012                                                              
   04744,C6752665102,299943,201304,20150209,000000000000,000000063905,,  000,000,000,012                                                              
   04744,C6752665102,507872,201210,20150209,000000000000,000000067538,,  000,000,000,012                                                              
   04744,C6752665102,781545,201306,20150209,000000000000,000000031862,,  000,000,000,012                                                              
   04744,C6752665102,811426,201212,20150209,000000000000,000000066327,,  000,000,000,012                                                              
   04744,C6752665102,984188,201302,20150209,000000000000,000000062981,,  000,000,000,012                                                              
00000153,C7110907103,669761,201411,20150209,000000061550,000000000000,,  000,000,000,014                                                              
00000153,O1810118109,221962,201501,20150209,000000057787,000000000000,,  000,000,000,014                                                              
00000157,N9110616103,068214,201501,20150209,000000129152,000000000000,,  000,000,000,014                                                              
00000519,C6750563101,325845,201412,20150209,000000000000,000000000000,,  000,000,000,002                                                              
00000798,H5112211107,368492,201408,20150209,000000060167,000000028128,,  000,000,000,002                                                              
00000798,H5112211107,490348,201410,20150209,000000058092,000000026719,,  000,000,000,002                                                              
00000798,H5112211107,869518,201409,20150209,000000057149,000000000000,,  000,000,000,002                                                              
00000798,H5112799101,263985,201412,20150209,000000070535,000000053954,,  000,000,000,002                                                              
00000870,C6023088100,797980,201410,20150209,000000197166,000000193582,,  000,000,000,002                                                              
00000870,C6023187100,929285,201410,20150209,000000778754,000000456623,,  000,000,000,002                                                              
00000870,C6734443107,583763,201501,20150209,000000421670,000000000000,,  000,000,000,002                                                              
00000870,C6747864109,337852,201501,20150209,000000350812,000000000000,,  000,000,000,002                                                              
00000870,C6752785108,169928,201501,20150209,000000323331,000000000000,,  000,000,000,002                                                              
00000870,C6752937105,293395,201501,20150209,000002261466,000000000000,,  000,000,000,002                                                              
00000870,C6911390105,995720,201202,20150209,000000014954,000000017504,,  000,000,000,002                                                              
00000870,O1010115103,611538,201501,20150209,000000136896,000000000000,,  000,000,000,002                                                              
00000981,C6720638108,512846,201412,20150209,000019146010,000000000000,,  000,000,000,014                                                              
00000981,C6735827100,203026,201501,20150209,000003261411,000000000000,,  000,000,000,014                                                              
00000981,C6736201107,415401,201412,20150209,000015133459,000000000000,,  000,000,000,014                                                              
00000981,C6747336108,692420,201412,20150209,000000512155,000000000000,,  000,000,000,014                                                              
00000981,C6749640101,010366,201303,20150209,000000065664,000000000000,,  000,000,000,014                                                              
00000981,C6749640101,014746,201406,20150209,000000052066,000000106296,,  000,000,000,014                                                              
00000981,C6749640101,026959,201304,20150209,000000062930,000000128472,,  000,000,000,014                                                              
00000981,C6749640101,060373,201408,20150209,000000000000,000000026276,,  000,000,000,014                                                              
00000981,C6749640101,064147,201403,20150209,000000055304,000000000000,,  000,000,000,014                                                              
00000981,C6749640101,120313,201410,20150209,000000056939,000000111697,,  000,000,000,014                                                              
00000981,C6749640101,128127,201307,20150209,000000010248,000000000000,,  000,000,000,014                                                              
00000981,C6749640101,159922,201211,20150209,000000134446,000000000000,,  000,000,000,014                                                              
00000981,C6749640101,238372,201401,20150209,000000056726,000000000000,,  000,000,000,014                                                              
00000981,C6749640101,252671,201404,20150209,000000053074,000000108352,,  000,000,000,014                                                              
00000981,C6749640101,271328,201407,20150209,000000026542,000000000000,,  000,000,000,014                                                              
00000981,C6749640101,277536,201203,20150209,000000147968,000000000000,,  000,000,000,014                                                              
00000981,C6749640101,282613,201109,20150209,000000153821,000000000000,,  000,000,000,014                                                              
00000981,C6749640101,306816,201310,20150209,000000061030,000000118594,,  000,000,000,014                                                              
00000981,C6749640101,327083,201201,20150209,000000150777,000000000000,,  000,000,000,014                                                              
00000981,C6749640101,351456,201411,20150209,000000054059,000000000000,,  000,000,000,014                                                              
00000981,C6749640101,362746,201409,20150209,000000056009,000000000000,,  000,000,000,014                                                              
00000981,C6749640101,453672,201212,20150209,000000040512,000000121019,,  000,000,000,014                                                              
00000981,C6749640101,503232,201405,20150209,000000054456,000000000000,,  000,000,000,014                                                              
00000981,C6749640101,528692,201412,20150209,000000054979,000000107854,,  000,000,000,014                                                              
00000981,C6749640101,554488,201312,20150209,000000058962,000000116490,,  000,000,000,014                                                              
00000981,C6749640101,567720,201209,20150209,000000124582,000000000000,,  000,000,000,014                                                              
00000981,C6749640101,576065,201111,20150209,000000148809,000000000000,,  000,000,000,014                                                              
00000981,C6749640101,621960,201110,20150209,000000156657,000000186504,,  000,000,000,014                                                              
00000981,C6749640101,628848,201301,20150209,000000054572,000000000000,,  000,000,000,014                                                              
00000981,C6749640101,643190,201308,20150209,000000000000,000000010158,,  000,000,000,014                                                              
00000981,C6749640101,649233,201305,20150209,000000064644,000000000000,,  000,000,000,014                                                              
00000981,C6749640101,665272,201306,20150209,000000062022,000000126626,,  000,000,000,014                                                              
00000981,C6749640101,669575,201206,20150209,000000139925,000000168736,,  000,000,000,014                                                              
00000981,C6749640101,718444,201204,20150209,000000142469,000000171805,,  000,000,000,014                                                              
00000981,C6749640101,742495,201302,20150209,000000060284,000000114566,,  000,000,000,014                                                              
00000981,C6749640101,775398,201108,20150209,000000121877,000000058298,,  000,000,000,014                                                              
00000981,C6749640101,844579,201210,20150209,000000141099,000000159524,,  000,000,000,014                                                              
00000981,C6749640101,866985,201202,20150209,000000139621,000000171328,,  000,000,000,014                                                              
00000981,C6749640101,906201,201205,20150209,000000146472,000000000000,,  000,000,000,014                                                              
00000981,C6749640101,908682,201309,20150209,000000057918,000000000000,,  000,000,000,014                                                              
00000981,C6749640101,909511,201208,20150209,000000000000,000000014543,,  000,000,000,014                                                              
00000981,C6749640101,923562,201112,20150209,000000151296,000000180124,,  000,000,000,014                                                              
00000981,C6749640101,928098,201207,20150209,000000024068,000000000000,,  000,000,000,014                                                              
00000981,C6749640101,953754,201311,20150209,000000057948,000000000000,,  000,000,000,014                                                              
00000981,C6749640101,987258,201402,20150209,000000050596,000000107042,,  000,000,000,014                                                              
00000981,C6750692108,149466,201412,20150209,000000156079,000000114545,,  000,000,000,014                                                              
00000981,C6750692108,616611,201410,20150209,000000000000,000000000000,,  000,000,000,014                                                              
00000981,C6750692108,741264,201501,20150209,000000134054,000000000000,,  000,000,000,014                                                              
00004149,C6746360109,891334,201412,20150209,000000061618,000000027484,,  000,000,000,002                                                              
00004414,C6752756109,446922,201412,20150209,000000177371,000000095355,,  000,000,000,002                                                              
00005002,C5911676109,738136,201501,20150209,000004008542,000000000000,,  000,000,000,021                                                              
00005003,C6750919105,030815,201501,20150209,000005651065,000000000000,,  000,000,000,021                                                              
00005003,C6752293103,134590,201501,20150209,000000443326,000000000000,,  000,000,000,021                                                              
00010087,H5112439104,811179,201412,20150209,000000056814,000000027225,,  000,000,000,044                                                              
00100637,C6740363109,032066,201006,20150209,000000000000,000000000000,,  000,000,000,021                                                              
00100637,C6740363109,303947,200708,20150209,000000000000,000000000000,,  000,000,000,021                                                              
00100637,C6740363109,608589,201312,20150209,000000000000,000000000000,,  000,000,000,021                                                              
00100637,C6740363109,722953,200602,20150209,000000000000,000000000000,,  000,000,000,021                                                              
00101903,C6022223104,257744,200812,20150205,000000000000,000000000000,,  000,000,000,021                                                              
00101903,C6022223104,453269,200902,20150205,000000000000,000000000000,,  000,000,000,021                                                              
00101903,C6741478104,028341,200804,20150205,000000000000,000000000000,,  000,000,000,021                                                              
00101903,C6741478104,423502,200708,20150205,000000000000,000000000000,,  000,000,000,021                                                              
00101903,C6741478104,445216,200806,20150205,000000000000,000000000000,,  000,000,000,021                                                              
00101903,C6741478104,686814,200706,20150205,000000000000,000000000000,,  000,000,000,021                                                              
00101903,C6741478104,939688,200704,20150205,000000000000,000000000000,,  000,000,000,021                                                              
00101903,C6749767102,046534,201408,20150206,000000000000,000000000000,,  000,000,000,021                                                              
00101903,C6749767102,073121,201406,20150206,000000000000,000000000000,,  000,000,000,021                                                              
00101903,C6749767102,350862,201412,20150206,000000000000,000000000000,,  000,000,000,021                                                              
00101903,C6749767102,369521,201410,20150206,000000000000,000000000000,,  000,000,000,021                                                              
00101903,C6749767102,456089,201404,20150206,000000000000,000000000000,,  000,000,000,021                                                              
00101903,C6749767102,602821,201402,20150206,000000000000,000000000000,,  000,000,000,021                                                              
00103027,C6751718100,367912,201501,20150209,000000199799,000000000000,,  000,000,000,021                                                              
00720713,C6751976104,533398,201412,20150209,000000490699,000000000000,,  000,000,000,072                                                              
00720714,C6749489103,942771,201412,20150209,000000031122,000000007552,,  000,000,000,072                                                              
00721348,C6738627101,648564,201410,20150209,000000000000,000000000000,,  000,000,000,072                                                              
00721349,C6022583101,653221,201501,20150209,000000181230,000000000000,,  000,000,000,072                                                              
00721998,C6753004103,806148,201501,20150209,000001180746,000000000000,,  000,000,000,072                                                              
00722421,C7211055109,101758,201412,20150209,000000064773,000000025801,,  000,000,000,072                                                              
00722423,C6753188104,631585,201501,20150209,000004270900,000000000000,,  000,000,000,072                                                              
00722428,O2010185104,539012,201501,20150209,000000060833,000000000000,,  000,000,000,072                                                              
00722428,O2010192100,705300,201501,20150209,000000068129,000000000000,,  000,000,000,072                                                              
00722537,C6744909105,710731,201412,20150209,000000153120,000000132144,,  000,000,000,072                                                              
00724880,C6737873102,157173,201501,20150209,000000529758,000000000000,,  000,000,000,072                                                              
00728846,C6723696103,004128,201501,20150209,000000767003,000000000000,,  000,000,000,072                                                              
00728846,C6751147102,055997,201501,20150209,000000178771,000000000000,,  000,000,000,072                                                              
00728846,C6751251102,335748,201501,20150209,000000460067,000000000000,,  000,000,000,072                                                              
00728846,H5110445103,473625,201501,20150209,000025983429,000000000000,,  000,000,000,072                                                              
00728846,L4510667105,438900,201501,20150209,000000412327,000000000000,,  000,000,000,072                                                              
00728846,O1110599107,743499,201501,20150209,000000093574,000000000000,,  000,000,000,072                                                              
00728846,S4810138107,007886,201501,20150209,000001312502,000000000000,,  000,000,000,072                                                              
501     ,N9210264101,293312,201501,20150209,000000274636,000000000000,,  000,000,000,062                                                              
