     180,16011740103,693323,201409,20150219,000000054115,000000000000,,  000,000,000,036                                                              
   00177,C6748342105,982915,201411,20150219,000000005784,000000000000,,  000,000,000,012                                                              
   00177,C6751392104,906130,201501,20150219,000000221264,000000000000,,  000,000,000,012                                                              
   00177,N8511599108,423698,201501,20150219,000024507992,000000000000,,  000,000,000,012                                                              
   00562,C6022247103,555717,201501,20150219,000000058440,000000000000,,  000,000,000,012                                                              
   00562,C6748954107,803550,201501,20150219,000001220776,000000000000,,  000,000,000,012                                                              
   04205,C5914176107,452125,201501,20150219,000000887939,000000000000,,  000,000,000,012                                                              
   04205,C6019291106,861945,201501,20150219,000002657870,000000000000,,  000,000,000,012                                                              
   04205,C6021502102,412697,201501,20150219,000000057370,000000000000,,  000,000,000,012                                                              
   04205,C6746073108,649299,201501,20150219,000000366551,000000000000,,  000,000,000,012                                                              
   04205,C6750936109,062569,201501,20150219,000013859542,000000000000,,  000,000,000,012                                                              
   04205,C6752090103,201958,201501,20150219,000005231813,000000000000,,  000,000,000,012                                                              
   04205,C7211511101,250082,201412,20150219,000000076764,000000033271,,  000,000,000,012                                                              
   04205,C7211511101,332089,201411,20150219,000000075402,000000000000,,  000,000,000,012                                                              
   04205,C7211511101,358131,201410,20150219,000000079402,000000034414,,  000,000,000,012                                                              
   04205,C7211511101,822094,201501,20150219,000000075915,000000000000,,  000,000,000,012                                                              
   04205,L4510259101,961936,201501,20150219,000000296379,000000000000,,  000,000,000,012                                                              
   04205,N8512942109,069710,201501,20150219,000000970471,000000000000,,  000,000,000,012                                                              
   04205,N8513243101,645225,201501,20150219,000000557543,000000000000,,  000,000,000,012                                                              
   04411,C6751447106,353756,201210,20150219,000000000000,000000000000,,  000,000,000,012                                                              
   06551,C7410969100,116707,201501,20150219,000000323334,000000000000,,  000,000,000,012                                                              
00000157,C6019772105,739281,201501,20150219,000000118077,000000000000,,  000,000,000,014                                                              
00000157,C6750319108,822491,201501,20150219,000000126310,000000000000,,  000,000,000,014                                                              
00000157,H2510527101,245262,201501,20150219,000000229901,000000000000,,  000,000,000,014                                                              
00000285,C6746589103,078091,201501,20150219,000002601097,000000000000,,  000,000,000,002                                                              
00000305,C6752096100,462272,201501,20150219,000000158157,000000000000,,  000,000,000,002                                                              
00000520,C6741942109,412930,201501,20150219,000000117180,000000000000,,  000,000,000,002                                                              
00000537,C6734451100,476371,201501,20150219,000000440223,000000000000,,  000,000,000,002                                                              
00000798,O0410098109,895789,201501,20150219,000000361877,000000000000,,  000,000,000,002                                                              
00000799,C6213066106,485252,201501,20150219,000000074106,000000000000,,  000,000,000,002                                                              
00000839,C6742608105,696301,201501,20150219,000000114158,000000000000,,  000,000,000,002                                                              
00000839,C6744543102,903545,201501,20150219,000002081790,000000000000,,  000,000,000,002                                                              
00000870,C5910760102,413856,201412,20150219,000000000000,000000000000,,  000,000,000,002                                                              
00000870,C6022730108,142906,201412,20150219,000004537195,000003810276,,  000,000,000,002                                                              
00000870,C6212898103,809211,201501,20150219,000000532503,000000000000,,  000,000,000,002                                                              
00000870,C6727749106,428337,201501,20150219,000001398738,000000000000,,  000,000,000,002                                                              
00000981,C5915056100,320198,201501,20150219,000005244599,000000000000,,  000,000,000,014                                                              
00000981,C6022864105,364006,201501,20150219,000001985626,000000000000,,  000,000,000,014                                                              
00000981,C6751281109,627586,201501,20150219,000005571942,000000000000,,  000,000,000,014                                                              
00000981,C6752442106,975577,201501,20150219,000000088396,000000000000,,  000,000,000,014                                                              
00002208,C6023725107,928565,201412,20150219,000000000000,000000016170,,  000,000,000,014                                                              
00004149,C6751407100,820548,201412,20150219,000000072271,000000031314,,  000,000,000,002                                                              
00004149,C6753215105,989417,201501,20150219,000000080837,000000000000,,  000,000,000,002                                                              
00004199,C6750171103,297949,201501,20150219,000000375453,000000000000,,  000,000,000,002                                                              
00004649,C7110951101,580787,201412,20150219,000000145199,000000114070,,  000,000,000,002                                                              
00005002,C6022355104,618550,201501,20150219,000001126377,000000000000,,  000,000,000,021                                                              
00005181,C7411671101,585304,201501,20150219,000000258238,000000000000,,  000,000,000,014                                                              
00005190,O1610043101,201591,201501,20150219,000001333144,000000000000,,  000,000,000,014                                                              
00007163,C6746796104,208946,201501,20150219,000000068722,000000000000,,  000,000,000,002                                                              
00100080,H2511152107,838120,201501,20150219,000000007188,000000000000,,  000,000,000,021                                                              
00100080,O1210442109,570024,201501,20150219,000000012579,000000000000,,  000,000,000,021                                                              
00100080,O1310028105,511117,201501,20150219,000000014376,000000000000,,  000,000,000,021                                                              
00100083,C6746063109,887443,201501,20150219,000000208190,000000000000,,  000,000,000,021                                                              
00100083,C7210541109,135602,200906,20150219,000000000000,000000218323,,  000,000,000,021                                                              
00100084,C6750997101,850059,201501,20150219,000000128856,000000000000,,  000,000,000,021                                                              
00100637,C6018107105,917415,201501,20150219,000000175429,000000000000,,  000,000,000,021                                                              
00100637,C6751117105,012993,201501,20150219,000000453372,000000000000,,  000,000,000,021                                                              
00101150,C6752475106,207083,201502,20150219,000000440413,000000214500,,  000,000,000,021                                                              
00101151,C6744174106,922996,201501,20150219,000000322659,000000000000,,  000,000,000,021                                                              
00101998,C6744715106,685604,201412,20150219,000000418587,000000304271,,  000,000,000,021                                                              
00101998,C6752022106,065848,201501,20150219,000000313148,000000000000,,  000,000,000,021                                                              
00103027,C6746855108,447319,201501,20150219,000000247838,000000000000,,  000,000,000,021                                                              
00721297,C5915322106,274132,201412,20150219,000000224068,000000000000,,  000,000,000,072                                                              
00721297,C5915322106,580720,201410,20150219,000000237733,000000000000,,  000,000,000,072                                                              
00721297,C5915322106,587609,201411,20150219,000000234383,000000000000,,  000,000,000,072                                                              
00721297,C5915322106,664944,201408,20150219,000000229067,000000000000,,  000,000,000,072                                                              
00721297,C5915322106,693172,201501,20150219,000000209668,000000000000,,  000,000,000,072                                                              
00721297,C5915322106,736185,201407,20150219,000000273188,000000000000,,  000,000,000,072                                                              
00721297,C5915322106,883399,201409,20150219,000000226512,000000000000,,  000,000,000,072                                                              
00721349,C6717712106,891506,201501,20150219,000000507873,000000000000,,  000,000,000,072                                                              
00721349,C6723997105,986701,201501,20150219,000000255279,000000000000,,  000,000,000,072                                                              
00721394,C6739980103,851421,201501,20150219,000000176215,000000000000,,  000,000,000,072                                                              
00721998,C6724773109,036491,201501,20150219,000000341725,000000000000,,  000,000,000,072                                                              
00721998,C6751741102,910061,201501,20150219,000000119370,000000000000,,  000,000,000,072                                                              
00721998,C6752214109,668911,201501,20150219,000000091796,000000000000,,  000,000,000,072                                                              
00722402,C6750849104,842800,201104,20150219,000000000000,000000000000,,  000,000,000,072                                                              
00722408,C6021461101,135551,201501,20150219,000000058711,000000000000,,  000,000,000,072                                                              
00722408,C6750291109,957805,201501,20150219,000000073875,000000000000,,  000,000,000,072                                                              
00722409,C5911775109,842678,201403,20150219,000000107623,000000000000,,  000,000,000,072                                                              
00722414,C6727445101,732174,201501,20150219,000000032800,000000000000,,  000,000,000,072                                                              
00722414,C6749877109,936910,201501,20150219,000000106685,000000000000,,  000,000,000,072                                                              
00722416,C6736881106,022183,201501,20150219,000000180576,000000000000,,  000,000,000,072                                                              
00722416,C6736881106,769416,201412,20150219,000000177144,000000092064,,  000,000,000,072                                                              
00722417,C6747875105,763744,201501,20150219,000000029266,000000000000,,  000,000,000,072                                                              
00722417,C6751238109,891271,201501,20150219,000000292815,000000000000,,  000,000,000,072                                                              
00722417,O1110420106,505790,201501,20150219,000000033217,000000000000,,  000,000,000,072                                                              
00722421,N9810163109,944312,201501,20150219,000000062966,000000000000,,  000,000,000,072                                                              
00722424,H2510744102,527014,201501,20150219,000000058440,000000000000,,  000,000,000,072                                                              
00722424,H2510748103,605903,201501,20150219,000000058440,000000000000,,  000,000,000,072                                                              
00722424,H2511168103,659660,201412,20150219,000000278454,000000197005,,  000,000,000,072                                                              
00722424,N9110321100,020245,201501,20150219,000000058440,000000000000,,  000,000,000,072                                                              
00722434,C6752294101,846706,201501,20150219,000000190074,000000000000,,  000,000,000,072                                                              
00722537,C6739963109,026161,201501,20150219,000000056095,000000000000,,  000,000,000,072                                                              
00728846,C6020970102,991035,201501,20150219,000000066405,000000000000,,  000,000,000,072                                                              
00728846,C6021053106,457008,201501,20150219,000000443064,000000000000,,  000,000,000,072                                                              
00728846,C6741857109,084709,201501,20150219,000000647036,000000000000,,  000,000,000,072                                                              
00728846,C6750546106,544715,201501,20150219,000000233357,000000000000,,  000,000,000,072                                                              
MM      ,C6735332101,359245,201501,20150219,000000558793,000000000000,,  000,000,000,030                                                              
