   00114,C6023592101,949363,201412,20150129,000000593575,000000305038,,  000,000,000,012                                                              
   00585,C5910421101,108528,201410,20150129,000000000000,000002784404,,  000,000,000,012                                                              
   04205,C5913152109,151466,201412,20150129,000000420380,000000154159,,  000,000,000,012                                                              
   04205,C6017149108,599148,201411,20150129,000000003059,000000000000,,  000,000,000,012                                                              
   04205,C6213146106,120033,201412,20150129,000000000000,000000000000,,  000,000,000,012                                                              
   04205,C6738027104,517738,201412,20150129,000000170442,000000081675,,  000,000,000,012                                                              
   04205,C6750892104,078835,201412,20150129,000000064064,000000013604,,  000,000,000,012                                                              
   04205,C6753118101,438316,201411,20150129,000004073986,000000000000,,  000,000,000,012                                                              
   04205,C6810746100,978542,201412,20150129,000000100339,000000106425,,  000,000,000,012                                                              
   04205,N8410418103,913184,201412,20150129,000000414126,000000169782,,  000,000,000,012                                                              
   06542,C6751964100,796745,201411,20150129,000000384360,000000000000,,  000,000,000,012                                                              
00000038,C6741012101,037584,200908,20150129,000000000000,000000000000,,  000,000,000,002                                                              
00000038,C6741012101,121324,200810,20150129,000000000000,000000000000,,  000,000,000,002                                                              
00000038,C6741012101,242118,200808,20150129,000000000000,000000000000,,  000,000,000,002                                                              
00000038,C6741012101,444331,200702,20150129,000000000000,000000000000,,  000,000,000,002                                                              
00000038,C6741012101,546564,201106,20150129,000000000000,000000000000,,  000,000,000,002                                                              
00000038,C6741012101,852036,200712,20150129,000000000000,000000000000,,  000,000,000,002                                                              
00000038,C6741012101,876695,200812,20150129,000000000000,000000000000,,  000,000,000,002                                                              
00000038,C6741012101,915879,200706,20150129,000000000000,000000000000,,  000,000,000,002                                                              
00000092,16011393101,957984,201306,20150129,000000000000,000016111137,,  000,000,000,002                                                              
00000519,C6723836105,012097,201412,20150129,000002985893,000002534838,,  000,000,000,002                                                              
00000537,C6742586103,158719,201411,20150129,000000110580,000000000000,,  000,000,000,002                                                              
00000870,C6711737109,197171,201411,20150129,000000187196,000000000000,,  000,000,000,002                                                              
00000870,C6746034100,374935,201410,20150129,000000000000,000000000000,,  000,000,000,002                                                              
00000981,C5912045106,150001,201411,20150129,000000220419,000000000000,,  000,000,000,014                                                              
00000981,C5912045106,982976,201412,20150129,000000000000,000000000000,,  000,000,000,014                                                              
00000981,C7110240109,598522,201412,20150129,000000000000,000003283355,,  000,000,000,014                                                              
00004199,C6745959109,214295,201202,20150129,000000069052,000000084525,,  000,000,000,002                                                              
00004199,C6745959109,391683,201110,20150129,000000080270,000000092806,,  000,000,000,002                                                              
00004265,C6747530106,048121,201010,20150129,000000111253,000000040488,,  000,000,000,002                                                              
00004265,C6747530106,084205,201001,20150129,000000120740,000000000000,,  000,000,000,002                                                              
00004265,C6747530106,091098,201011,20150129,000000106041,000000000000,,  000,000,000,002                                                              
00004265,C6747530106,109090,200912,20150129,000000117198,000000042653,,  000,000,000,002                                                              
00004265,C6747530106,115393,201002,20150129,000000107703,000000041973,,  000,000,000,002                                                              
00004265,C6747530106,191861,200905,20150129,000000125693,000000000000,,  000,000,000,002                                                              
00004265,C6747530106,222321,201110,20150129,000000102572,000000037327,,  000,000,000,002                                                              
00004265,C6747530106,253061,201111,20150129,000000097436,000000000000,,  000,000,000,002                                                              
00004265,C6747530106,308434,201008,20150129,000000114141,000000042218,,  000,000,000,002                                                              
00004265,C6747530106,313798,201012,20150129,000000108242,000000039393,,  000,000,000,002                                                              
00004265,C6747530106,346920,201109,20150129,000000100719,000000000000,,  000,000,000,002                                                              
00004265,C6747530106,355181,201005,20150129,000000117099,000000000000,,  000,000,000,002                                                              
00004265,C6747530106,370133,201112,20150129,000000099065,000000036051,,  000,000,000,002                                                              
00004265,C6747530106,381173,201003,20150129,000000117596,000000000000,,  000,000,000,002                                                              
00004265,C6747530106,388250,200906,20150129,000000120638,000000045371,,  000,000,000,002                                                              
00004265,C6747530106,396126,200911,20150129,000000114645,000000000000,,  000,000,000,002                                                              
00004265,C6747530106,407540,200910,20150129,000000119868,000000043626,,  000,000,000,002                                                              
00004265,C6747530106,410496,201108,20150129,000000105142,000000038885,,  000,000,000,002                                                              
00004265,C6747530106,410964,201009,20150129,000000109107,000000000000,,  000,000,000,002                                                              
00004265,C6747530106,523362,201107,20150129,000000106121,000000000000,,  000,000,000,002                                                              
00004265,C6747530106,726563,200908,20150129,000000122429,000000045290,,  000,000,000,002                                                              
00004265,C6747530106,746423,201004,20150129,000000113393,000000042641,,  000,000,000,002                                                              
00004265,C6747530106,789411,201007,20150129,000000115265,000000000000,,  000,000,000,002                                                              
00004265,C6747530106,880415,200909,20150129,000000117119,000000000000,,  000,000,000,002                                                              
00004265,C6747530106,906364,200907,20150129,000000123528,000000000000,,  000,000,000,002                                                              
00004265,C6747530106,935815,201006,20150129,000000112575,000000042334,,  000,000,000,002                                                              
00004265,C6747530106,942485,201106,20150129,000000103984,000000039103,,  000,000,000,002                                                              
00004265,C6747530106,990775,200904,20150129,000000122062,000000045907,,  000,000,000,002                                                              
00004414,O1510367105,265524,201412,20150129,000000127028,000000080920,,  000,000,000,002                                                              
00004649,C6753117103,556724,201412,20150129,000000083874,000000037805,,  000,000,000,002                                                              
00005002,C6735715107,038357,201411,20150129,000000036730,000000000000,,  000,000,000,021                                                              
00005002,C6735715107,422966,201412,20150129,000000036464,000000053239,,  000,000,000,021                                                              
00005002,C6735715107,973023,201412,20150129,000000000000,000000000000,,  000,000,000,021                                                              
00005002,C6748685107,169392,201412,20150129,000000007439,000000000000,,  000,000,000,021                                                              
00005002,C6748685107,482911,201412,20150129,000000000000,000000000000,,  000,000,000,021                                                              
00005002,C6748685107,651039,201411,20150129,000000016483,000000000000,,  000,000,000,021                                                              
00005002,C6748685107,804298,201412,20150129,000000000000,000000011545,,  000,000,000,021                                                              
00005002,C6748686105,292613,201412,20150129,000000051941,000000073024,,  000,000,000,021                                                              
00005002,C6748686105,681478,201411,20150129,000000050343,000000000000,,  000,000,000,021                                                              
00005002,N8513131108,078628,201411,20150129,000000016317,000000000000,,  000,000,000,021                                                              
00005002,N8513131108,554519,201412,20150129,000000016238,000000025200,,  000,000,000,021                                                              
00100094,C6751451108,155349,201210,20150129,000000000000,000000000000,,  000,000,000,021                                                              
00100524,C6023007100,445733,201411,20150129,000000389405,000000000000,,  000,000,000,021                                                              
00100524,C6023007100,460622,201412,20150129,000000396000,000000240029,,  000,000,000,021                                                              
00100637,O1110555109,922436,201411,20150129,000000146072,000000000000,,  000,000,000,021                                                              
00100637,O1110657103,838783,201411,20150129,000000249752,000000000000,,  000,000,000,021                                                              
00101150,C6751451108,024226,201208,20150129,000000000000,000000000000,,  000,000,000,021                                                              
00101150,C6751451108,045662,201108,20150129,000000000000,000000000000,,  000,000,000,021                                                              
00101150,C6751451108,198989,201304,20150129,000000000000,000000000000,,  000,000,000,021                                                              
00101150,C6751451108,205162,201412,20150129,000000547702,000000267099,,  000,000,000,021                                                              
00101150,C6751451108,348989,201106,20150129,000000000000,000000000000,,  000,000,000,021                                                              
00101150,C6751451108,402731,201110,20150129,000000000000,000000000000,,  000,000,000,021                                                              
00101150,C6751451108,492217,201302,20150129,000000000000,000000000000,,  000,000,000,021                                                              
00101150,C6751451108,629295,201206,20150129,000000000000,000000000000,,  000,000,000,021                                                              
00101150,C6751451108,726328,201112,20150129,000000000000,000000000000,,  000,000,000,021                                                              
00101150,C6751451108,890133,201202,20150129,000000000000,000000000000,,  000,000,000,021                                                              
00101150,C6751451108,952139,201204,20150129,000000000000,000000000000,,  000,000,000,021                                                              
00101150,H2510424101,702169,200212,20150129,000000000000,000000391579,,  000,000,000,021                                                              
00101150,H2511056100,320685,201012,20150129,000000000000,000000023626,,  000,000,000,021                                                              
00101150,H2511056100,422428,201008,20150129,000000000000,000000025760,,  000,000,000,021                                                              
00101150,H2511056100,423268,201010,20150129,000000000000,000000024699,,  000,000,000,021                                                              
00101150,H2511056100,424086,201004,20150129,000000000000,000000026021,,  000,000,000,021                                                              
00101150,H2511056100,425286,201006,20150129,000000000000,000000025829,,  000,000,000,021                                                              
00101150,H2511056100,451268,201002,20150129,000000000000,000000024740,,  000,000,000,021                                                              
00101150,H2511056100,952230,201102,20150129,000000000000,000000020844,,  000,000,000,021                                                              
00101151,C6738057101,167822,201412,20150129,000000636946,000000403225,,  000,000,000,021                                                              
00380004,C6023027108,231972,201412,20150129,000000067920,000000027098,,  000,000,000,044                                                              
00720714,C6212960101,136175,201411,20150130,000000252798,000000000000,,  000,000,000,072                                                              
00721348,C6752395106,048550,201412,20150130,000002534863,000001295087,,  000,000,000,072                                                              
00722374,N9310087105,815620,201412,20150130,000001959225,000002077632,,  000,000,000,072                                                              
00722416,C6752265101,298149,201408,20150130,000000000000,000000069387,,  000,000,000,072                                                              
00722418,H5112993100,163214,201212,20150130,000000000000,000000021115,,  000,000,000,072                                                              
00722418,H5112993100,816769,201210,20150130,000000000000,000000059205,,  000,000,000,072                                                              
00722421,C7211033106,316658,201412,20150130,000000057065,000000027717,,  000,000,000,072                                                              
00722421,C7211559100,050942,201412,20150130,000000420035,000000193382,,  000,000,000,072                                                              
00728846,C6018111107,012292,201312,20150130,000000072300,000000044557,,  000,000,000,072                                                              
00728846,C6018111107,172944,201411,20150130,000000061827,000000000000,,  000,000,000,072                                                              
00728846,C6018111107,190930,201308,20150130,000000076935,000000048191,,  000,000,000,072                                                              
00728846,C6018111107,222724,201403,20150130,000000071001,000000000000,,  000,000,000,072                                                              
00728846,C6018111107,239775,201408,20150130,000000067199,000000041009,,  000,000,000,072                                                              
00728846,C6018111107,358467,201410,20150130,000000065114,000000039095,,  000,000,000,072                                                              
00728846,C6018111107,367925,201402,20150130,000000064958,000000041766,,  000,000,000,072                                                              
00728846,C6018111107,463622,201412,20150130,000000062872,000000037749,,  000,000,000,072                                                              
00728846,C6018111107,515466,201405,20150130,000000069911,000000000000,,  000,000,000,072                                                              
00728846,C6018111107,518493,201406,20150130,000000066847,000000041472,,  000,000,000,072                                                              
00728846,C6018111107,620756,201311,20150130,000000071062,000000000000,,  000,000,000,072                                                              
00728846,C6018111107,688363,201401,20150130,000000072824,000000000000,,  000,000,000,072                                                              
00728846,C6018111107,748888,201407,20150130,000000068155,000000000000,,  000,000,000,072                                                              
00728846,C6018111107,759221,201404,20150130,000000068138,000000042275,,  000,000,000,072                                                              
00728846,C6018111107,825303,201310,20150130,000000074837,000000046120,,  000,000,000,072                                                              
00728846,C6018111107,878153,201409,20150130,000000064052,000000000000,,  000,000,000,072                                                              
00728846,C6018111107,936485,201309,20150130,000000073471,000000000000,,  000,000,000,072                                                              
00728846,C6020520105,512036,201008,20150130,000000000000,000000000000,,  000,000,000,072                                                              
00728846,C6738957102,223874,201411,20150130,000000117464,000000000000,,  000,000,000,072                                                              
00728846,C6738957102,277945,201412,20150130,000000119448,000000065944,,  000,000,000,072                                                              
00728846,N8512863107,095223,201412,20150130,000000000000,000007200786,,  000,000,000,072                                                              
00728846,N8512863107,277414,201412,20150130,000006812551,000000000000,,  000,000,000,072                                                              
00728846,N8512863107,626326,201410,20150130,000000000000,000007588996,,  000,000,000,072                                                              
admin   ,C7411628101,455558,201410,20150129,000000079917,000000069836,,  000,000,000,030                                                              
admin   ,C7411628101,745022,201412,20150129,000000077167,000000067432,,  000,000,000,030                                                              
admin   ,C7411628101,886159,201411,20150129,000000075885,000000000000,,  000,000,000,030                                                              
admin   ,C7411628101,946815,201409,20150129,000000078616,000000000000,,  000,000,000,030                                                              
admin   ,C7411628101,963909,201408,20150129,000000034588,000000015361,,  000,000,000,030                                                              
