   00177,C6743918107,470207,201503,20150331,000005527093,000000000000,,  000,000,000,012                                                              
   04205,16011048101,677990,201501,20150331,000000116468,000000000000,,  000,000,000,012                                                              
   04205,C6712671109,940716,201412,20150331,000000000000,000000000000,,  000,000,000,012                                                              
   04205,C6750542105,566387,201004,20150331,000000000000,000000005924,,  000,000,000,012                                                              
   04205,C6751861108,495903,201502,20150331,000001344908,000000874258,,  000,000,000,012                                                              
   04205,C6752583107,951865,201502,20150331,000003444127,000002052241,,  000,000,000,012                                                              
   04205,L4510259101,848136,201502,20150331,000000272562,000000149764,,  000,000,000,012                                                              
   04205,O1510988108,917714,201010,20150331,000000000000,000000049297,,  000,000,000,012                                                              
   05253,C6751865109,917949,201502,20150331,000000284815,000000299310,,  000,000,000,012                                                              
   06536,C6726670105,279398,201502,20150331,000000416628,000000000000,,  000,000,000,012                                                              
   06536,C6726670105,333405,201501,20150331,000000492532,000000000000,,  000,000,000,012                                                              
   06536,C6726670105,529673,201411,20150331,000000490311,000000000000,,  000,000,000,012                                                              
   06536,C6726670105,602819,201412,20150331,000000474963,000000000000,,  000,000,000,012                                                              
   06542,C6745938103,364357,201410,20150331,000000000000,000000091669,,  000,000,000,012                                                              
   06566,C5910146104,099617,201208,20150331,000000000000,000000044494,,  000,000,000,012                                                              
00000410,C6020871102,091305,201503,20150331,000000940003,000000000000,,  000,000,000,014                                                              
00000520,C6211811107,405098,201502,20150331,000000000000,000000000000,,  000,000,000,002                                                              
00000799,C6212221108,671224,201002,20150331,000000000000,000000000000,,  000,000,000,002                                                              
00000870,C6751354104,950004,201502,20150331,000000000000,000000000000,,  000,000,000,002                                                              
00000981,C6725500105,744600,201502,20150331,000000020159,000000000000,,  000,000,000,014                                                              
00000981,C6747336108,087140,201312,20150331,000000000000,000000368833,,  000,000,000,014                                                              
00000981,C6747336108,345741,201310,20150331,000000000000,000000381653,,  000,000,000,014                                                              
00004149,C6724447100,517082,201503,20150331,000000249397,000000000000,,  000,000,000,002                                                              
00004414,C6752756109,478965,201502,20150331,000000165071,000000092227,,  000,000,000,002                                                              
00005002,C6735715107,369653,201502,20150331,000000029873,000000046914,,  000,000,000,021                                                              
00005002,C6735715107,960994,201501,20150331,000000033781,000000000000,,  000,000,000,021                                                              
00005002,C6748685107,313236,201502,20150331,000000032581,000000058769,,  000,000,000,021                                                              
00005002,C6748685107,565193,201501,20150331,000000036674,000000000000,,  000,000,000,021                                                              
00005002,C6748686105,192116,201501,20150331,000000052996,000000000000,,  000,000,000,021                                                              
00005002,C6748686105,236974,201502,20150331,000000047705,000000071730,,  000,000,000,021                                                              
00005003,C6020057108,373573,201502,20150331,000000763396,000000585865,,  000,000,000,021                                                              
00005003,N9410067106,019888,201412,20150331,000000000000,000000764096,,  000,000,000,021                                                              
00005036,C6731590108,444023,201208,20150331,000000000000,000001134954,,  000,000,000,002                                                              
00005036,C6731590108,994085,201210,20150331,000000000000,000000772880,,  000,000,000,002                                                              
00100637,C6738495103,008034,201501,20150331,000000001908,000000000000,,  000,000,000,021                                                              
00100637,C6746851107,851818,201501,20150331,000000979056,000000000000,,  000,000,000,021                                                              
00100637,C6751117105,856559,201502,20150331,000000000000,000000199807,,  000,000,000,021                                                              
00100637,C6751356109,741659,201501,20150331,000000001927,000000000000,,  000,000,000,021                                                              
00100637,C6752239106,426399,201412,20150331,000000000000,000000035068,,  000,000,000,021                                                              
00100637,O1910466101,262071,201412,20150331,000000000000,000000035652,,  000,000,000,021                                                              
00380004,C6022522109,507164,201502,20150331,000001847409,000000869030,,  000,000,000,044                                                              
00720280,C6811565103,972785,201502,20150331,000000159929,000000081357,,  000,000,000,072                                                              
00721998,C6749704105,264152,201501,20150331,000000771723,000000000000,,  000,000,000,072                                                              
00721998,C6749704105,651501,201502,20150331,000000628490,000000333642,,  000,000,000,072                                                              
00722331,N8910560107,051064,201312,20150331,000000000000,000000234992,,  000,000,000,072                                                              
00722414,C6812086109,010872,201502,20150331,000000534201,000000212828,,  000,000,000,072                                                              
00722421,C7211538104,870617,201502,20150331,000000071698,000000049422,,  000,000,000,072                                                              
00722430,C6023429106,094780,201412,20150331,000000000000,000000055424,,  000,000,000,072                                                              
00722430,H5113017107,426131,201412,20150331,000000000000,000000061914,,  000,000,000,072                                                              
00728846,C5911284102,001599,201409,20150331,000000126264,000000000000,,  000,000,000,072                                                              
00728846,C6020435106,140862,201502,20150331,000000161316,000000042984,,  000,000,000,072                                                              
00728846,C6021611101,137291,201302,20150331,000000000000,000000480512,,  000,000,000,072                                                              
00728846,C6021611101,733896,201404,20150331,000000000000,000000215380,,  000,000,000,072                                                              
00728846,C6213138103,648262,201412,20150331,000000000000,000000000000,,  000,000,000,072                                                              
00728846,C6752126105,017677,201410,20150331,000000013730,000000027115,,  000,000,000,072                                                              
00728846,C6752126105,071099,201501,20150331,000000011835,000000000000,,  000,000,000,072                                                              
00728846,C6752126105,085049,201403,20150331,000000016836,000000000000,,  000,000,000,072                                                              
00728846,C6752126105,172476,201411,20150331,000000012735,000000000000,,  000,000,000,072                                                              
00728846,C6752126105,185432,201402,20150331,000000013665,000000028925,,  000,000,000,072                                                              
00728846,C6752126105,230113,201412,20150331,000000011957,000000025108,,  000,000,000,072                                                              
00728846,C6752126105,242505,201409,20150331,000000013505,000000000000,,  000,000,000,072                                                              
00728846,C6752126105,533489,201401,20150331,000000015325,000000000000,,  000,000,000,072                                                              
00728846,C6752126105,536521,201406,20150331,000000014075,000000028735,,  000,000,000,072                                                              
00728846,C6752126105,589851,201407,20150331,000000013406,000000000000,,  000,000,000,072                                                              
00728846,C6752126105,614721,201404,20150331,000000014350,000000028848,,  000,000,000,072                                                              
00728846,C6752126105,681919,201502,20150331,000000011082,000000023468,,  000,000,000,072                                                              
00728846,C6752126105,698079,201408,20150331,000000014160,000000027759,,  000,000,000,072                                                              
00728846,C6752126105,825220,201405,20150331,000000014730,000000000000,,  000,000,000,072                                                              
642     ,C5911750102,728161,201502,20150331,000000000000,000002343613,,  000,000,000,062                                                              
MM      ,C6752488109,158216,201412,20150331,000000647493,000000000000,,  000,000,000,030                                                              
