00000180,16011740103,250332,201404,20150210,000000000046,000000000059,,  000,000,000,036                                                              
00000177,C6748342105,692471,201501,20150210,000002271846,000000000000,,  000,000,000,012                                                              
00001281,C6911285107,736915,201412,20150210,000000375298,000000194356,,  000,000,000,012                                                              
00004205,16013024100,403282,201501,20150210,000000607700,000000000000,,  000,000,000,012                                                              
00004205,C6017282107,146431,201412,20150210,000003027993,000002521886,,  000,000,000,012                                                              
00004205,C6019061103,192985,201412,20150210,000016398274,000000000000,,  000,000,000,012                                                              
00004205,C6020254101,033581,201501,20150210,000000817011,000000000000,,  000,000,000,012                                                              
00004205,C6021849107,949897,201501,20150210,000000082375,000000000000,,  000,000,000,012                                                              
00004205,C6212327103,087094,201501,20150210,000000422045,000000000000,,  000,000,000,012                                                              
00004205,C6213163101,519020,201501,20150210,000000166401,000000000000,,  000,000,000,012                                                              
00004205,C6213164109,996074,201501,20150210,000000345112,000000000000,,  000,000,000,012                                                              
00004205,C6721304106,775732,201501,20150210,000000360473,000000180000,,  000,000,000,012                                                              
00004205,C6722336107,937598,201501,20150210,000000118319,000000000000,,  000,000,000,012                                                              
00004205,C6725439106,723782,201501,20150210,000000512146,000000080000,,  000,000,000,012                                                              
00004205,C6734284105,314293,201412,20150210,000010125387,000010427414,,  000,000,000,012                                                              
00004205,N8511446102,534568,201501,20150210,000000369401,000000000000,,  000,000,000,012                                                              
00004205,N8512886108,330482,201501,20150210,000001750871,000000000000,,  000,000,000,012                                                              
00004205,N8512926102,178702,201501,20150210,000000423837,000000000000,,  000,000,000,012                                                              
00004205,O0110443100,974998,201501,20150210,000000906930,000000000000,,  000,000,000,012                                                              
00004205,O0210401107,091199,201501,20150210,000002288264,000000000000,,  000,000,000,012                                                              
00005003,C6731627108,424704,201501,20150210,000002098429,000000000000,,  000,000,000,012                                                              
00005641,N9610124103,618537,201412,20150210,000000057412,000000025801,,  000,000,000,012                                                              
00000092,C6735044102,105232,201501,20150210,000000476047,000000000000,,  000,000,000,002                                                              
00000100,C6745895105,387474,201501,20150210,000001495528,000000000000,,  000,000,000,014                                                              
00000285,C6810919103,639248,201501,20150210,000000769735,000000000000,,  000,000,000,002                                                              
00000520,16010415103,104131,201404,20150210,000000000000,000000000000,,  000,000,000,002                                                              
00000588,C6023020103,307548,201501,20150210,000000143518,000000000000,,  000,000,000,002                                                              
00000870,C6012821107,395169,201412,20150210,000000000000,000000000000,,  000,000,000,002                                                              
00000870,C6019361107,437658,201501,20150210,000003731919,000000000000,,  000,000,000,002                                                              
00000870,C6746806101,104591,201501,20150210,000000818490,000000000000,,  000,000,000,002                                                              
00000870,L4510692103,521186,201501,20150210,000001795401,000000000000,,  000,000,000,002                                                              
00000981,C6720638108,262751,201412,20150210,000000000000,000000000000,,  000,000,000,014                                                              
00000981,H2511698109,658097,201501,20150210,000001218909,000000000000,,  000,000,000,014                                                              
00000981,N9210647107,089178,201501,20150210,000000169068,000000000000,,  000,000,000,014                                                              
00004149,16011393101,254142,201112,20150210,000000000000,000013409213,,  000,000,000,002                                                              
00004577,C6747578105,945594,201501,20150210,000000116067,000000000000,,  000,000,000,002                                                              
00005002,C5913531104,005148,201408,20150210,000000000000,000000051680,,  000,000,000,021                                                              
00005002,C5913531104,954342,201406,20150210,000000000000,000000216025,,  000,000,000,021                                                              
00005002,C5914075101,907218,201501,20150210,000035153648,000000000000,,  000,000,000,021                                                              
00005178,C6749451103,963081,201501,20150210,000000185452,000000000000,,  000,000,000,014                                                              
00005181,O0710019102,120764,201501,20150210,000000454434,000000000000,,  000,000,000,014                                                              
00007163,C6213145108,317406,201501,20150210,000000155584,000000000000,,  000,000,000,002                                                              
00007163,C6744927107,985821,201501,20150210,000001678271,000000000000,,  000,000,000,002                                                              
00007163,C6752577109,485450,201501,20150210,000000853237,000000000000,,  000,000,000,002                                                              
00010087,C6022415106,690269,201501,20150210,000000494152,000000000000,,  000,000,000,044                                                              
00101151,C6812144106,229046,201501,20150210,000000396150,000000000000,,  000,000,000,021                                                              
00101607,N9110292103,544929,201501,20150210,000000629510,000000000000,,  000,000,000,021                                                              
00101903,C6741478104,059003,200712,20150209,000000000000,000000000000,,  000,000,000,021                                                              
00103003,H5113067102,505764,201501,20150210,000000160088,000000000000,,  000,000,000,021                                                              
00380002,C6740252104,404370,201501,20150210,000000181813,000000000000,,  000,000,000,044                                                              
00720713,C6727263108,942420,201501,20150210,000003991650,000000000000,,  000,000,000,072                                                              
00721348,C6020753102,660925,201501,20150210,000000393240,000000000000,,  000,000,000,072                                                              
00721348,C6023221107,011075,201501,20150210,000000344633,000000000000,,  000,000,000,072                                                              
00721348,C6747719105,417274,201501,20150210,000000106295,000000000000,,  000,000,000,072                                                              
00721348,C6753192106,624111,201501,20150210,000000175098,000000000000,,  000,000,000,072                                                              
00721349,C6740574101,770718,201501,20150210,000000572306,000000000000,,  000,000,000,072                                                              
00721349,C6748637108,892921,201501,20150210,000000739309,000000000000,,  000,000,000,072                                                              
00721349,C6751108104,804906,201501,20150210,000000638603,000000000000,,  000,000,000,072                                                              
00721349,C6752370109,505429,201501,20150210,000000077481,000000000000,,  000,000,000,072                                                              
00721349,N9810126106,952064,201501,20150210,000000065645,000000000000,,  000,000,000,072                                                              
00722328,C6733139102,050227,201002,20150210,000000000837,000000001211,,  000,000,000,072                                                              
00722328,C6733139102,062354,201103,20150210,000000241752,000000000000,,  000,000,000,072                                                              
00722328,C6733139102,098372,201110,20150210,000000017386,000000027703,,  000,000,000,072                                                              
00722328,C6733139102,099683,201009,20150210,000000462030,000000000000,,  000,000,000,072                                                              
00722328,C6733139102,161225,201109,20150210,000000017068,000000000000,,  000,000,000,072                                                              
00722328,C6733139102,197203,201006,20150210,000000425751,000000815096,,  000,000,000,072                                                              
00722328,C6733139102,292919,201003,20150210,000000277517,000000000000,,  000,000,000,072                                                              
00722328,C6733139102,382977,201011,20150210,000000433859,000000000000,,  000,000,000,072                                                              
00722328,C6733139102,384802,201108,20150210,000000012166,000000019699,,  000,000,000,072                                                              
00722328,C6733139102,426852,201007,20150210,000000239178,000000000000,,  000,000,000,072                                                              
00722328,C6733139102,428238,201001,20150210,000000000843,000000000000,,  000,000,000,072                                                              
00722328,C6733139102,428609,201005,20150210,000000475421,000000000000,,  000,000,000,072                                                              
00722328,C6733139102,524774,201111,20150210,000000023272,000000000000,,  000,000,000,072                                                              
00722328,C6733139102,578438,201106,20150210,000000128545,000000258086,,  000,000,000,072                                                              
00722328,C6733139102,619802,201102,20150210,000000481696,000000941767,,  000,000,000,072                                                              
00722328,C6733139102,652386,201107,20150210,000000012279,000000000000,,  000,000,000,072                                                              
00722328,C6733139102,723573,201112,20150210,000000023453,000000037529,,  000,000,000,072                                                              
00722328,C6733139102,744218,201105,20150210,000000182866,000000000000,,  000,000,000,072                                                              
00722328,C6733139102,846183,201004,20150210,000000244071,000000473265,,  000,000,000,072                                                              
00722328,C6733139102,853505,201008,20150210,000000211531,000000421318,,  000,000,000,072                                                              
00722328,C6733139102,878601,201104,20150210,000000191720,000000392538,,  000,000,000,072                                                              
00722328,C6733139102,917486,201012,20150210,000000429760,000000775245,,  000,000,000,072                                                              
00722328,C6733139102,964260,201101,20150210,000000575837,000000000000,,  000,000,000,072                                                              
00722328,C6733139102,968602,201010,20150210,000000418887,000000795382,,  000,000,000,072                                                              
00722409,C6021911105,205334,201412,20150210,000000181543,000000089223,,  000,000,000,072                                                              
00722409,C6021911105,213315,201006,20150210,000000107617,000000000000,,  000,000,000,072                                                              
00722409,C6021911105,414135,201411,20150210,000000106767,000000000000,,  000,000,000,072                                                              
00722409,C6021911105,543754,201410,20150210,000000069088,000000035489,,  000,000,000,072                                                              
00722409,C6021911105,643929,201501,20150210,000000188597,000000000000,,  000,000,000,072                                                              
00722409,C6733999109,743801,201501,20150210,000000071761,000000000000,,  000,000,000,072                                                              
00722409,C6743007109,538793,201501,20150210,000000460184,000000000000,,  000,000,000,072                                                              
00722409,O0110448109,139375,201501,20150210,000000066729,000000000000,,  000,000,000,072                                                              
00722409,O0310393105,074060,201501,20150210,000000066729,000000000000,,  000,000,000,072                                                              
00722414,C6748606103,422512,201501,20150210,000000153321,000000000000,,  000,000,000,072                                                              
00722416,C6021998102,679379,201501,20150210,000000412080,000000000000,,  000,000,000,072                                                              
00722416,C6712720104,059598,200812,20150210,000000000000,000000000000,,  000,000,000,072                                                              
00722416,C6712720104,630276,200906,20150210,000000000000,000000000000,,  000,000,000,072                                                              
00722416,C6746149106,499783,201501,20150210,000000624131,000000000000,,  000,000,000,072                                                              
00722417,C6745452105,813686,201501,20150210,000000873854,000000000000,,  000,000,000,072                                                              
00722418,H5112464102,123833,201501,20150210,000000073774,000000000000,,  000,000,000,072                                                              
00722428,C6753008104,221382,201501,20150210,000000175493,000000000000,,  000,000,000,072                                                              
00722430,N9310087105,532940,201501,20150210,000001941232,000000000000,,  000,000,000,072                                                              
00722430,O1010717106,045569,201108,20150210,000000151288,000000000000,,  000,000,000,072                                                              
00722430,O1010717106,108624,201109,20150210,000000144928,000000000000,,  000,000,000,072                                                              
00722430,O1010717106,538231,201110,20150210,000000147592,000000000000,,  000,000,000,072                                                              
00722430,O1010717106,663163,201111,20150210,000000140199,000000000000,,  000,000,000,072                                                              
00722430,O1010717106,846249,201107,20150210,000000152694,000000000000,,  000,000,000,072                                                              
00722430,O1010717106,897337,201112,20150210,000000142542,000000000000,,  000,000,000,072                                                              
00722430,O1010717106,914390,201106,20150210,000000149626,000000000000,,  000,000,000,072                                                              
00724880,C6023723102,259538,201501,20150210,000000306535,000000000000,,  000,000,000,072                                                              
00728846,C5914913103,776180,201501,20150210,000000512251,000000000000,,  000,000,000,072                                                              
00728846,C5914982108,214544,201501,20150210,000000119662,000000000000,,  000,000,000,072                                                              
00728846,C5915102102,394859,201412,20150210,000011031862,000000000000,,  000,000,000,072                                                              
00728846,C6745532104,647132,201501,20150210,000000307725,000000000000,,  000,000,000,072                                                              
00728846,C6748978106,344479,201501,20150210,000001178550,000000000000,,  000,000,000,072                                                              
00728846,C6751910103,039269,201411,20150210,000000592181,000000000000,,  000,000,000,072                                                              
00728846,C6753140105,237129,201501,20150210,000000087549,000000000000,,  000,000,000,072                                                              
00728846,N9110808106,230263,201412,20150210,000000160193,000000133021,,  000,000,000,072                                                              
02090002,L9810158101,809394,201501,20150210,000000179219,000000000000,,  000,000,000,044                                                              
