00101903,C6749767102,046534,201408,20150206,000000000000,000000000000,,  000,000,000,021                                                              
00101903,C6749767102,073121,201406,20150206,000000000000,000000000000,,  000,000,000,021                                                              
00101903,C6749767102,350862,201412,20150206,000000000000,000000000000,,  000,000,000,021                                                              
00101903,C6749767102,369521,201410,20150206,000000000000,000000000000,,  000,000,000,021                                                              
00101903,C6749767102,456089,201404,20150206,000000000000,000000000000,,  000,000,000,021                                                              
00101903,C6749767102,602821,201402,20150206,000000000000,000000000000,,  000,000,000,021                                                              
   00177,C5910287106,021079,201208,20150206,000000005453,000000009574,,  000,000,000,012                                                              
   00177,C5910287106,059486,201206,20150206,000000078745,000000168859,,  000,000,000,012                                                              
   00177,C5910287106,078933,201203,20150206,000000096911,000000000000,,  000,000,000,012                                                              
   00177,C5910287106,083013,201204,20150206,000000127304,000000220046,,  000,000,000,012                                                              
   00177,C5910287106,134408,201207,20150206,000000005516,000000000000,,  000,000,000,012                                                              
   00177,C5910287106,225870,201309,20150206,000000027418,000000000000,,  000,000,000,012                                                              
   00177,C5910287106,232360,201310,20150206,000000028010,000000047311,,  000,000,000,012                                                              
   00177,C5910287106,264553,201306,20150206,000000053902,000000097889,,  000,000,000,012                                                              
   00177,C5910287106,335618,201205,20150206,000000084084,000000000000,,  000,000,000,012                                                              
   00177,C5910287106,336512,201301,20150206,000000001182,000000000000,,  000,000,000,012                                                              
   00177,C5910287106,341952,201305,20150206,000000058943,000000000000,,  000,000,000,012                                                              
   00177,C5910287106,401976,201303,20150206,000000125092,000000000000,,  000,000,000,012                                                              
   00177,C5910287106,461542,201202,20150206,000000007439,000000012609,,  000,000,000,012                                                              
   00177,C5910287106,544934,201307,20150206,000000002215,000000000000,,  000,000,000,012                                                              
   00177,C5910287106,577798,201312,20150206,000000084046,000000143038,,  000,000,000,012                                                              
   00177,C5910287106,666347,201210,20150206,000000092744,000000184868,,  000,000,000,012                                                              
   00177,C5910287106,677459,201212,20150206,000000041896,000000085599,,  000,000,000,012                                                              
   00177,C5910287106,687924,201308,20150206,000000003436,000000004662,,  000,000,000,012                                                              
   00177,C5910287106,710313,201209,20150206,000000093766,000000000000,,  000,000,000,012                                                              
   00177,C5910287106,716462,201304,20150206,000000122698,000000206514,,  000,000,000,012                                                              
   00177,C5910287106,747347,201211,20150206,000000041279,000000000000,,  000,000,000,012                                                              
   00177,C5910287106,803819,201302,20150206,000000000000,000000000939,,  000,000,000,012                                                              
   00177,C5910287106,832222,201201,20150206,000000048014,000000000000,,  000,000,000,012                                                              
   00177,C5910287106,899181,201311,20150206,000000083956,000000000000,,  000,000,000,012                                                              
   04205,16013024100,562252,201412,20150206,000000600587,000000504728,,  000,000,000,012                                                              
   04205,C5911296106,077891,201210,20150206,000000000000,000000000000,,  000,000,000,012                                                              
   04205,C5911296106,118612,201202,20150206,000000019061,000000005798,,  000,000,000,012                                                              
   04205,C5911296106,185110,201208,20150206,000000000000,000000005189,,  000,000,000,012                                                              
   04205,C5911296106,542777,201204,20150206,000000000000,000000028408,,  000,000,000,012                                                              
   04205,C5911296106,549186,200910,20150206,000000000000,000000036958,,  000,000,000,012                                                              
   04205,C6019061103,472509,201404,20150206,000000000000,000000000000,,  000,000,000,012                                                              
   04205,C6019061103,511131,201408,20150206,000000000000,000000000000,,  000,000,000,012                                                              
   04205,C6019061103,563599,201410,20150206,000000000000,000000000000,,  000,000,000,012                                                              
   04205,C6019061103,674339,201402,20150206,000000000000,000000000000,,  000,000,000,012                                                              
   04205,C6019061103,728041,201412,20150206,000000000000,000000000000,,  000,000,000,012                                                              
   04205,C6019061103,808468,201406,20150206,000000000000,000000000000,,  000,000,000,012                                                              
   04205,C6019061103,821621,201312,20150206,000000000000,000000000000,,  000,000,000,012                                                              
   04205,C6019061103,859214,201402,20150206,000000000000,000000000000,,  000,000,000,012                                                              
   04205,C6019061103,859473,201310,20150206,000000000000,000000000000,,  000,000,000,012                                                              
   04205,C6721304106,444830,201412,20150206,000000357754,000000336656,,  000,000,000,012                                                              
   04205,C6725439106,701962,201412,20150206,000000508738,000000445800,,  000,000,000,012                                                              
   04205,O2010246104,863090,201501,20150206,000000152053,000000000000,,  000,000,000,012                                                              
   04205,O2010253100,399533,201501,20150206,000000110887,000000000000,,  000,000,000,012                                                              
   04411,C5915275106,674324,201412,20150206,000005612127,000005559799,,  000,000,000,012                                                              
00000537,C6021669109,661369,201501,20150206,000000194166,000000000000,,  000,000,000,002                                                              
00000870,C6740810109,453407,201501,20150206,000007538248,000000000000,,  000,000,000,002                                                              
00000870,C6751354104,333630,201412,20150206,000000000000,000001154835,,  000,000,000,002                                                              
00000870,C6752120108,122261,201501,20150206,000000082210,000000000000,,  000,000,000,002                                                              
00000870,C6752786106,394935,201410,20150206,000000000000,000000378375,,  000,000,000,002                                                              
00000870,C7111487105,568509,201501,20150206,000000666233,000000000000,,  000,000,000,002                                                              
00000870,H2511682103,855262,201501,20150206,000000603728,000000000000,,  000,000,000,002                                                              
00000870,H5111443107,684181,201501,20150206,000001096938,000000000000,,  000,000,000,002                                                              
00000870,H5112978101,489998,201501,20150206,000000140481,000000000000,,  000,000,000,002                                                              
00000870,H5113072102,450959,201501,20150206,000000068210,000000000000,,  000,000,000,002                                                              
00000981,C6023351102,183769,201501,20150206,000000345775,000000000000,,  000,000,000,014                                                              
00000981,C6714449108,052547,201406,20150206,000008094975,000000000000,,  000,000,000,014                                                              
00000981,C6714449108,079942,201410,20150206,000008578569,000000160868,,  000,000,000,014                                                              
00000981,C6714449108,139981,201409,20150206,000000096648,000000000000,,  000,000,000,014                                                              
00000981,C6714449108,392536,201409,20150206,000008273805,000000000000,,  000,000,000,014                                                              
00000981,C6714449108,396490,201405,20150206,000000103763,000000000000,,  000,000,000,014                                                              
00000981,C6714449108,520945,201408,20150206,000000099703,000000000000,,  000,000,000,014                                                              
00000981,C6714449108,641485,201407,20150206,000000106926,000000000000,,  000,000,000,014                                                              
00000981,C6714449108,691901,201404,20150206,000011091438,000000000000,,  000,000,000,014                                                              
00000981,C6714449108,734417,201403,20150206,000011518657,000000000000,,  000,000,000,014                                                              
00000981,C6714449108,735800,201410,20150206,000000098241,000000000000,,  000,000,000,014                                                              
00000981,C6714449108,782009,201407,20150206,000008916080,000000000000,,  000,000,000,014                                                              
00000981,C6714449108,876838,201406,20150206,000000093400,000000000000,,  000,000,000,014                                                              
00000981,C6714449108,892895,201403,20150206,000000113426,000000000000,,  000,000,000,014                                                              
00000981,C6714449108,897819,201404,20150206,000000055773,000000000000,,  000,000,000,014                                                              
00000981,C6714449108,946142,201405,20150206,000008674609,000000000000,,  000,000,000,014                                                              
00000981,C6714449108,974325,201408,20150206,000008714671,000000000000,,  000,000,000,014                                                              
00000981,C6751281109,085747,201412,20150206,000000000000,000004627507,,  000,000,000,014                                                              
00005002,O1010697100,349235,201411,20150206,000000109240,000000000000,,  000,000,000,021                                                              
00005002,O1010697100,515890,201410,20150206,000000107628,000000056952,,  000,000,000,021                                                              
00005181,C7411344105,654670,201412,20150206,000000112696,000000052602,,  000,000,000,014                                                              
00007163,C6740392108,057684,201412,20150206,000000059439,000000035606,,  000,000,000,002                                                              
00007163,C6740392108,513592,201411,20150206,000000058451,000000000000,,  000,000,000,002                                                              
00007163,C6740392108,634025,201410,20150206,000000061557,000000036875,,  000,000,000,002                                                              
00010087,H5112060108,322003,201501,20150206,000002769392,000000000000,,  000,000,000,044                                                              
00010087,H5112061106,753685,201501,20150206,000005666305,000000000000,,  000,000,000,044                                                              
00010087,H5112226105,803533,201501,20150206,000000910232,000000000000,,  000,000,000,044                                                              
00100560,C6741478104,729306,200802,20150206,000000000000,000000000000,,  000,000,000,021                                                              
00100637,C6741478104,086083,200710,20150206,000000000000,000000000000,,  000,000,000,021                                                              
00100637,C6741478104,204230,200712,20150206,000000000000,000000000000,,  000,000,000,021                                                              
00100637,C6741478104,569087,200806,20150206,000000000000,000000000000,,  000,000,000,021                                                              
00100637,C6741478104,833477,200804,20150206,000000000000,000000000000,,  000,000,000,021                                                              
00100637,N8410481101,038123,200706,20150206,000000000000,000000000000,,  000,000,000,021                                                              
00100637,N8410481101,061494,200804,20150206,000000000000,000000000000,,  000,000,000,021                                                              
00100637,N8410481101,068265,200704,20150206,000000000000,000000000000,,  000,000,000,021                                                              
00100637,N8410481101,112237,200810,20150206,000000000000,000000000000,,  000,000,000,021                                                              
00100637,N8410481101,185973,200806,20150206,000000000000,000000000000,,  000,000,000,021                                                              
00100637,N8410481101,200234,200802,20150206,000000000000,000000000000,,  000,000,000,021                                                              
00100637,N8410481101,327939,200812,20150206,000000000000,000000000000,,  000,000,000,021                                                              
00100637,N8410481101,659355,200702,20150206,000000000000,000000000000,,  000,000,000,021                                                              
00100637,N8410481101,913183,200712,20150206,000000000000,000000000000,,  000,000,000,021                                                              
00101151,C6746752107,678504,201501,20150206,000000135630,000000000000,,  000,000,000,021                                                              
00101952,C6018502107,799374,201501,20150206,000001266805,000000000000,,  000,000,000,021                                                              
00721349,C6751108104,108177,201412,20150206,000000675819,000000392978,,  000,000,000,072                                                              
00722417,C6743799101,628567,201501,20150206,000001049520,000000000000,,  000,000,000,072                                                              
00722423,C6752824105,580334,201412,20150206,000000601127,000000286968,,  000,000,000,072                                                              
00724880,C6721583105,157097,201501,20150206,000001143505,000000000000,,  000,000,000,072                                                              
00727672,C6023630109,219871,201412,20150206,000000440264,000000222979,,  000,000,000,072                                                              
00728846,C6018052103,266365,201412,20150206,000000000000,000000000000,,  000,000,000,072                                                              
00728846,C6018111107,085326,201411,20150206,000000097461,000000000000,,  000,000,000,072                                                              
00728846,C6018111107,091004,201408,20150206,000000102727,000000175482,,  000,000,000,072                                                              
00728846,C6018111107,091385,201406,20150206,000000104816,000000179070,,  000,000,000,072                                                              
00728846,C6018111107,151002,201412,20150206,000000091899,000000158937,,  000,000,000,072                                                              
00728846,C6018111107,422649,201407,20150206,000000107440,000000000000,,  000,000,000,072                                                              
00728846,C6018111107,466561,201404,20150206,000000107413,000000182852,,  000,000,000,072                                                              
00728846,C6018111107,466761,201410,20150206,000000103221,000000169073,,  000,000,000,072                                                              
00728846,C6018111107,491668,201402,20150206,000000105658,000000180642,,  000,000,000,072                                                              
00728846,C6018111107,597206,201403,20150206,000000111923,000000000000,,  000,000,000,072                                                              
00728846,C6018111107,606071,201405,20150206,000000110205,000000000000,,  000,000,000,072                                                              
00728846,C6018111107,631845,201401,20150206,000000118449,000000000000,,  000,000,000,072                                                              
00728846,C6018111107,914515,201409,20150206,000000110392,000000000000,,  000,000,000,072                                                              
00728846,C6716288108,348900,201501,20150206,000003713981,000000000000,,  000,000,000,072                                                              
00728846,C6727263108,310829,201409,20150206,000003640470,000000000000,,  000,000,000,072                                                              
00728846,C6811070104,716621,201501,20150206,000000838452,000000000000,,  000,000,000,072                                                              
MM      ,C6017421101,532554,201412,20150206,000000213253,000000166249,,  000,000,000,030                                                              
admin   ,C6743365101,680427,201501,20150206,000001095367,000000000000,,  000,000,000,030                                                              
