   00114,C6810491103,786262,201504,20150512,000000718276,000000415345,,  000,000,000,012                                                              
   00177,C5912035107,941304,201411,20150512,000000200132,000000000000,,  000,000,000,012                                                              
   00561,C6744238109,796867,201504,20150512,000000417295,000000414416,,  000,000,000,012                                                              
   00561,C6744238109,978507,201504,20150512,000000000000,000001351972,,  000,000,000,012                                                              
   00693,H2510908103,080533,201504,20150512,000000580124,000000396071,,  000,000,000,012                                                              
   04205,16011175102,866207,201504,20150512,000001053022,000000608440,,  000,000,000,012                                                              
   04205,C5914168104,688244,201504,20150512,000002526910,000003163857,,  000,000,000,012                                                              
   04205,C5914629105,396596,200906,20150512,000000000000,000000000000,,  000,000,000,012                                                              
   04205,C5914993105,410360,201504,20150512,000003772598,000004811732,,  000,000,000,012                                                              
   04205,C6022075108,376426,201504,20150512,000005001551,000005149278,,  000,000,000,012                                                              
   04205,C6022738101,964790,201504,20150512,000000123302,000000076556,,  000,000,000,012                                                              
   04205,C6213090106,268471,201504,20150512,000001606765,000000932468,,  000,000,000,012                                                              
   04205,C6717100104,882955,201504,20150512,000000770838,000000736048,,  000,000,000,012                                                              
   04205,C6740944106,580024,201504,20150512,000003103962,000003159887,,  000,000,000,012                                                              
   04205,C6748523100,337028,201504,20150512,000001148193,000000946815,,  000,000,000,012                                                              
   04205,C6749287101,182793,201504,20150512,000000745454,000000580117,,  000,000,000,012                                                              
   04205,C6749853100,954610,201504,20150512,000001222339,000000829663,,  000,000,000,012                                                              
   04205,C6750264106,362663,201504,20150512,000000526057,000000296904,,  000,000,000,012                                                              
   04205,C6751639108,186851,201504,20150512,000000000000,000000195325,,  000,000,000,012                                                              
   04205,C6751639108,354179,201504,20150512,000000190859,000000000000,,  000,000,000,012                                                              
   04205,C6752486103,755208,201504,20150512,000000202908,000000167151,,  000,000,000,012                                                              
   04205,C6753056103,255836,201504,20150512,000001263141,000001179885,,  000,000,000,012                                                              
   04205,C6911318106,386144,201409,20150512,000000215233,000000000000,,  000,000,000,012                                                              
   04205,H5112453105,019498,201504,20150512,000000446499,000000504525,,  000,000,000,012                                                              
   04205,N8510904101,654838,201504,20150512,000000335824,000000209244,,  000,000,000,012                                                              
   04205,N8512708104,983253,201504,20150512,000000445330,000000487262,,  000,000,000,012                                                              
   04205,N8610109106,381344,201504,20150512,000000065909,000000039999,,  000,000,000,012                                                              
   04205,O1110505104,278226,201504,20150512,000000290404,000000150942,,  000,000,000,012                                                              
   04205,O1111853107,784995,201502,20150512,000000000000,000000000000,,  000,000,000,012                                                              
   04205,O1111884102,632427,201504,20150512,000003028375,000001352663,,  000,000,000,012                                                              
   04205,S4710354101,096611,201504,20150512,000002857527,000001826834,,  000,000,000,012                                                              
   05290,C6744477103,133703,201504,20150512,000001002382,000000587575,,  000,000,000,012                                                              
   05290,C6752121106,811607,201504,20150512,000000390603,000000335610,,  000,000,000,012                                                              
00000092,C6744822100,077479,201409,20150512,000000196028,000000000000,,  000,000,000,002                                                              
00000092,C6744822100,097655,201412,20150512,000000192633,000000178304,,  000,000,000,002                                                              
00000100,C6746682106,332189,201503,20150512,000000215815,000000000000,,  000,000,000,002                                                              
00000103,C6746045106,232046,201502,20150512,000000473285,000000295061,,  000,000,000,014                                                              
00000103,C6746045106,733292,201503,20150512,000000506691,000000000000,,  000,000,000,014                                                              
00000157,C6911312109,099922,201504,20150512,000000059430,000000033746,,  000,000,000,014                                                              
00000285,C6023587101,697456,201504,20150512,000000176750,000000098091,,  000,000,000,002                                                              
00000520,16010415103,235836,201308,20150512,000000000000,000000000000,,  000,000,000,002                                                              
00000520,16010415103,474728,201310,20150512,000000000000,000000000000,,  000,000,000,002                                                              
00000520,16010415103,844243,201312,20150512,000000000000,000000000000,,  000,000,000,002                                                              
00000537,C6020649102,686352,200708,20150512,000000000000,000000000000,,  000,000,000,002                                                              
00000588,C6023020103,138512,201504,20150512,000000137948,000000058678,,  000,000,000,002                                                              
00000870,16012512105,082558,201412,20150512,000000077148,000000097197,,  000,000,000,002                                                              
00000870,C6023737102,916526,201503,20150512,000000147682,000000000000,,  000,000,000,002                                                              
00000870,C6739079104,147503,201504,20150512,000001050660,000000568425,,  000,000,000,002                                                              
00000870,C6739080102,215375,201504,20150512,000001711964,000000959042,,  000,000,000,002                                                              
00000870,C6739081100,067877,201504,20150512,000000930169,000000488280,,  000,000,000,002                                                              
00000870,C6750036108,532406,201504,20150512,000000886260,000000570010,,  000,000,000,002                                                              
00000870,C6750748108,302223,201504,20150512,000000605485,000000414705,,  000,000,000,002                                                              
00000870,C6911481102,796790,201504,20150512,000000612068,000000598382,,  000,000,000,002                                                              
00000870,N8511787109,796729,201504,20150512,000000199239,000000214137,,  000,000,000,002                                                              
00000981,C6751739106,263924,201504,20150512,000008675562,000011940009,,  000,000,000,014                                                              
00000981,C6751917108,633962,201504,20150512,000010251570,000010287819,,  000,000,000,014                                                              
00000981,C6810989106,544415,201504,20150512,000000472419,000000279747,,  000,000,000,014                                                              
00000981,N9210647107,598287,201504,20150512,000000154210,000000120023,,  000,000,000,014                                                              
00001102,H5112709100,690197,201504,20150512,000000138902,000000108400,,  000,000,000,014                                                              
00001102,H5112709100,749534,201503,20150512,000000145158,000000000000,,  000,000,000,014                                                              
00002208,C6723602101,176506,201504,20150512,000000490838,000000528992,,  000,000,000,014                                                              
00005002,O1110548104,834295,201504,20150512,000000839011,000000578648,,  000,000,000,021                                                              
00010087,C6721530106,383064,201504,20150512,000000810399,000000738461,,  000,000,000,044                                                              
00010087,N9210164103,617530,201504,20150512,000001048971,000000862784,,  000,000,000,044                                                              
00100080,H2511586106,896888,201503,20150512,000000234911,000000000000,,  000,000,000,021                                                              
00100084,C6750919105,417289,201504,20150512,000001759760,000000000000,,  000,000,000,021                                                              
00100094,C6748664102,659658,201503,20150512,000000150676,000000000000,,  000,000,000,021                                                              
00100524,C6739507104,284985,201504,20150512,000000068999,000000039885,,  000,000,000,021                                                              
00100524,C6745748106,240826,201504,20150512,000000297878,000000170214,,  000,000,000,021                                                              
00100524,C6751031108,763769,201504,20150512,000000116179,000000062015,,  000,000,000,021                                                              
00100560,C6750498100,079083,201501,20150512,000000115366,000000000000,,  000,000,000,021                                                              
00100560,C6750498100,398305,201410,20150512,000000085326,000000085726,,  000,000,000,021                                                              
00100560,C6750498100,419486,201502,20150512,000000101802,000000216623,,  000,000,000,021                                                              
00100560,C6750498100,454598,201503,20150512,000000130445,000000000000,,  000,000,000,021                                                              
00100560,C6750498100,481533,201411,20150512,000000094267,000000000000,,  000,000,000,021                                                              
00100560,C6750498100,493095,201412,20150512,000000101630,000000195271,,  000,000,000,021                                                              
00101150,C6732739100,016675,201504,20150512,000000489197,000000298029,,  000,000,000,021                                                              
00101150,C6743982103,825340,201504,20150512,000000500051,000000320193,,  000,000,000,021                                                              
00101150,C6749937101,131325,201501,20150512,000000087680,000000000000,,  000,000,000,021                                                              
00101150,C6749937101,217953,201504,20150512,000000081591,000000040008,,  000,000,000,021                                                              
00101150,C6749937101,258749,201503,20150512,000000085262,000000000000,,  000,000,000,021                                                              
00101150,C6749937101,388470,201502,20150512,000000078182,000000039729,,  000,000,000,021                                                              
00101607,N9110244104,423458,201504,20150512,000002774406,000002681597,,  000,000,000,021                                                              
00380002,C6740252104,843559,201504,20150512,000000175949,000000096449,,  000,000,000,044                                                              
00380011,C6022522109,934013,201503,20150512,000001973003,000000000000,,  000,000,000,044                                                              
00720685,C6022926102,099251,201412,20150512,000002737420,000000000000,,  000,000,000,072                                                              
00720713,C6212832102,025311,201201,20150512,000000104665,000000000000,,  000,000,000,072                                                              
00720713,C6212832102,843300,201202,20150512,000000096945,000000037094,,  000,000,000,072                                                              
00720714,C6741173101,537679,201503,20150512,000000376922,000000000000,,  000,000,000,072                                                              
00720716,C6737148109,285360,201504,20150512,000000058580,000000015741,,  000,000,000,072                                                              
00721348,C6745232101,554089,201504,20150512,000000882639,000000790523,,  000,000,000,072                                                              
00722414,C6737898109,822730,201504,20150512,000000081591,000000040008,,  000,000,000,072                                                              
00722416,C6743287107,509941,201504,20150512,000000167769,000000079752,,  000,000,000,072                                                              
00722417,C6812197104,663490,201504,20150512,000001453634,000001198920,,  000,000,000,072                                                              
00722417,N9910071103,148404,201504,20150512,000001104754,000000966530,,  000,000,000,072                                                              
00722421,C7210883105,314506,201504,20150512,000000111846,000000053168,,  000,000,000,072                                                              
00722424,H2510277103,126625,201504,20150512,000001145421,000000787050,,  000,000,000,072                                                              
00722537,C6022218104,780968,201504,20150512,000000274588,000000149128,,  000,000,000,072                                                              
00722537,C6737435100,961434,201504,20150512,000000059007,000000028000,,  000,000,000,072                                                              
00722537,C6752706104,568188,201504,20150512,000000435615,000000200677,,  000,000,000,072                                                              
00727673,N9510045101,612449,201503,20150512,000000283773,000000000000,,  000,000,000,072                                                              
00728846,C5911284102,939174,201501,20150512,000019994417,000000000000,,  000,000,000,072                                                              
00728846,C6012833102,374016,201504,20150512,000017826210,000020692160,,  000,000,000,072                                                              
00728846,C6020970102,792869,201504,20150512,000000063543,000000038278,,  000,000,000,072                                                              
00728846,C6022525102,073662,201412,20150512,000001510059,000001265318,,  000,000,000,072                                                              
00728846,C6743497102,934597,201504,20150512,000002244923,000001667507,,  000,000,000,072                                                              
00728846,C6748978106,760124,201504,20150512,000000171132,000000096014,,  000,000,000,072                                                              
00728846,C6751236103,735455,201504,20150512,000000632643,000000337410,,  000,000,000,072                                                              
00728846,C6910845109,109952,201502,20150512,000000502571,000000000000,,  000,000,000,072                                                              
00728846,C7410627104,172789,201504,20150512,000000283381,000000301391,,  000,000,000,072                                                              
00728846,O1111768107,607800,201502,20150512,000000000000,000000280475,,  000,000,000,072                                                              
02600371,C6022224102,774349,201504,20150512,000000801804,000000417764,,  000,000,000,021                                                              
