     181,C6022574100,097638,201504,20150511,000000089426,000000035768,,  000,000,000,036                                                              
   00177,C6742248100,023328,201504,20150511,000000547857,000000417595,,  000,000,000,012                                                              
   00177,C6746303109,356839,201504,20150511,000001512136,000000886873,,  000,000,000,012                                                              
   00177,C6748342105,542227,201504,20150511,000002437667,000002770712,,  000,000,000,012                                                              
   00561,C6737106107,858628,201504,20150511,000000403700,000000222012,,  000,000,000,012                                                              
   00561,C6744238109,624914,201504,20150511,000000171516,000000159618,,  000,000,000,012                                                              
   00561,C6751182109,916775,201504,20150511,000001378273,000000607172,,  000,000,000,012                                                              
   04205,C5914629105,680613,200710,20150511,000000000000,000000000000,,  000,000,000,012                                                              
   04205,C5914629105,871743,200812,20150511,000000000000,000000000000,,  000,000,000,012                                                              
   04205,C5914629105,940319,200906,20150511,000000000000,000000000000,,  000,000,000,012                                                              
   04205,C6021849107,792919,201504,20150511,000000074703,000000064011,,  000,000,000,012                                                              
   04205,C6022433109,652976,201503,20150511,000023499171,000000000000,,  000,000,000,012                                                              
   04205,C6022695103,875770,201504,20150511,000002493546,000002360001,,  000,000,000,012                                                              
   04205,C6023593109,870704,201504,20150511,000000171643,000000087656,,  000,000,000,012                                                              
   04205,C6714445106,478904,201504,20150511,000001502108,000001430301,,  000,000,000,012                                                              
   04205,C6727417100,250271,201504,20150511,000004773263,000002682313,,  000,000,000,012                                                              
   04205,C6738001109,466198,201504,20150511,000001897848,000001285285,,  000,000,000,012                                                              
   04205,C6743710108,379828,201504,20150511,000002333543,000001526021,,  000,000,000,012                                                              
   04205,C6745424104,316952,201504,20150511,000002261913,000001355310,,  000,000,000,012                                                              
   04205,C6746748105,672111,201504,20150511,000001731871,000001438088,,  000,000,000,012                                                              
   04205,C6750059100,924873,201504,20150511,000007039061,000000000000,,  000,000,000,012                                                              
   04205,C6752090103,305427,201504,20150511,000004111625,000002716102,,  000,000,000,012                                                              
   04205,C6752353105,541526,201504,20150511,000000378994,000000370514,,  000,000,000,012                                                              
   04205,C6752586100,254537,201412,20150511,000000619050,000000000000,,  000,000,000,012                                                              
   04205,C7210512100,157223,201504,20150511,000001277546,000000761726,,  000,000,000,012                                                              
   04205,C7410997101,154518,201504,20150511,000000210743,000000163828,,  000,000,000,012                                                              
   04205,N8512926102,711498,201504,20150511,000000470196,000000339229,,  000,000,000,012                                                              
   04205,O1010308104,901557,201504,20150511,000000059415,000000030622,,  000,000,000,012                                                              
   06535,C6752662109,167076,201504,20150511,000000062772,000000040288,,  000,000,000,012                                                              
00000092,C6023219101,797492,201504,20150511,000000065958,000000027804,,  000,000,000,002                                                              
00000100,C6745895105,002251,201504,20150511,000001583066,000001278012,,  000,000,000,014                                                              
00000537,C6016254107,026267,200604,20150511,000000000000,000000000000,,  000,000,000,002                                                              
00000537,C6016254107,916361,200512,20150511,000000000000,000000000000,,  000,000,000,002                                                              
00000537,C6016254107,930250,200810,20150511,000000000000,000000000000,,  000,000,000,002                                                              
00000798,H5112981105,128105,201504,20150511,000000117296,000000144576,,  000,000,000,002                                                              
00000839,C6017941108,063316,201502,20150511,000000000000,000000052798,,  000,000,000,002                                                              
00000870,16010169106,384191,201502,20150511,000000000000,000000000000,,  000,000,000,002                                                              
00000870,C5914567107,267824,201304,20150511,000000000000,000000000000,,  000,000,000,002                                                              
00000870,C5914567107,299995,201306,20150511,000000000000,000000000000,,  000,000,000,002                                                              
00000870,C5914567107,465171,200610,20150511,000000000000,000000000000,,  000,000,000,002                                                              
00000870,C5914567107,562880,201302,20150511,000000000000,000000000000,,  000,000,000,002                                                              
00000870,C5914567107,590435,201312,20150511,000000000000,000000000000,,  000,000,000,002                                                              
00000870,C5914567107,685251,201310,20150511,000000000000,000000000000,,  000,000,000,002                                                              
00000870,C5914567107,782781,201212,20150511,000000000000,000000000000,,  000,000,000,002                                                              
00000870,C5914567107,974462,201210,20150511,000000000000,000000000000,,  000,000,000,002                                                              
00000870,O0410073102,894612,201503,20150511,000000082531,000000000000,,  000,000,000,002                                                              
00000870,O0410073102,993156,201504,20150511,000001415959,000001283136,,  000,000,000,002                                                              
00000981,C6739690108,602973,201504,20150511,000000789402,000000605676,,  000,000,000,014                                                              
00000981,N8512681103,676846,201504,20150511,000000080544,000000036009,,  000,000,000,014                                                              
00004149,C6750809108,668907,201503,20150511,000000447430,000000000000,,  000,000,000,002                                                              
00004265,C6723735109,097969,201504,20150511,000000622899,000000340726,,  000,000,000,002                                                              
00004265,C6745992100,467327,201504,20150511,000000789440,000000560645,,  000,000,000,002                                                              
00004649,O1810107102,495587,201504,20150511,000000116807,000000063292,,  000,000,000,002                                                              
00005002,C5914075101,914924,201504,20150511,000023724889,000027546424,,  000,000,000,021                                                              
00005003,C6752293103,715522,201504,20150511,000000434382,000000492178,,  000,000,000,021                                                              
00005036,C6022822103,575451,201504,20150511,000000255311,000000310228,,  000,000,000,002                                                              
00005036,C6022822103,913076,201503,20150511,000000270863,000000000000,,  000,000,000,002                                                              
00005190,O1510188139,015068,201503,20150511,000000062469,000000000000,,  000,000,000,014                                                              
00005190,O1510188139,320442,201312,20150511,000000000000,000000170491,,  000,000,000,014                                                              
00006568,C6023315107,083656,201504,20150511,000000130802,000000083834,,  000,000,000,002                                                              
00007163,C6744927107,193197,201504,20150511,000001598224,000000881307,,  000,000,000,002                                                              
00010087,H5112060108,503440,201504,20150511,000002330274,000002231736,,  000,000,000,044                                                              
00010087,H5112061106,753944,201504,20150511,000005015855,000005356910,,  000,000,000,044                                                              
00010087,H5112226105,824825,201504,20150511,000000798857,000000734252,,  000,000,000,044                                                              
00100094,C6733593100,427269,201310,20150511,000000000000,000000296486,,  000,000,000,021                                                              
00100094,C6733593100,477276,201312,20150511,000000000000,000000286592,,  000,000,000,021                                                              
00100560,C6740589109,971837,201504,20150511,000000114256,000000058085,,  000,000,000,021                                                              
00100560,C6750493101,439644,201504,20150511,000000074870,000000039207,,  000,000,000,021                                                              
00100637,C5915174101,412503,201112,20150511,000000000000,000000819168,,  000,000,000,021                                                              
00100637,C6023168100,827446,201110,20150511,000000000000,000000010762,,  000,000,000,021                                                              
00100637,C6213170106,622071,201502,20150511,000000083673,000000045613,,  000,000,000,021                                                              
00101915,C5913674102,440396,201503,20150511,000000242032,000000000000,,  000,000,000,021                                                              
00101952,C6018502107,610466,201504,20150511,000001251283,000001534357,,  000,000,000,021                                                              
00103027,C6716608107,164421,201504,20150511,000000263984,000000141188,,  000,000,000,021                                                              
00720280,C6022277100,292457,201504,20150511,000000061206,000000028008,,  000,000,000,072                                                              
00721998,C6752472103,343777,201504,20150511,000000306970,000000171457,,  000,000,000,072                                                              
00722402,C6752350101,617417,201504,20150511,000000041101,000000032003,,  000,000,000,072                                                              
00722402,C6752602105,496773,201504,20150511,000000066641,000000043894,,  000,000,000,072                                                              
00722416,C6726131108,978521,201502,20150511,000000000000,000000116612,,  000,000,000,072                                                              
00722416,C6748265108,256176,201502,20150511,000000000000,000000084685,,  000,000,000,072                                                              
00722416,C6748265108,690925,201408,20150511,000000000000,000000116588,,  000,000,000,072                                                              
00722417,C6751652101,707832,201504,20150511,000000210962,000000101515,,  000,000,000,072                                                              
00722583,C6727263108,496724,201504,20150511,000004142165,000003864514,,  000,000,000,072                                                              
00724302,S3910098104,158236,201411,20150511,000000034447,000000000000,,  000,000,000,072                                                              
00724302,S3910098104,203993,201410,20150511,000000036267,000000000000,,  000,000,000,072                                                              
00724302,S3910098104,245601,201403,20150511,000000039458,000000000000,,  000,000,000,072                                                              
00724302,S3910098104,319123,201402,20150511,000000036091,000000000000,,  000,000,000,072                                                              
00724302,S3910098104,367749,201501,20150511,000000034814,000000000000,,  000,000,000,072                                                              
00724302,S3910098104,455685,201502,20150511,000000031042,000000000000,,  000,000,000,072                                                              
00724302,S3910098104,559065,201405,20150511,000000038879,000000000000,,  000,000,000,072                                                              
00724302,S3910098104,609685,201409,20150511,000000035663,000000000000,,  000,000,000,072                                                              
00724302,S3910098104,657145,201406,20150511,000000037183,000000000000,,  000,000,000,072                                                              
00724302,S3910098104,715893,201407,20150511,000000037924,000000000000,,  000,000,000,072                                                              
00724302,S3910098104,758935,201401,20150511,000000040450,000000000000,,  000,000,000,072                                                              
00724302,S3910098104,769355,201408,20150511,000000037402,000000000000,,  000,000,000,072                                                              
00724302,S3910098104,873483,201404,20150511,000000037880,000000000000,,  000,000,000,072                                                              
00724302,S3910098104,991216,201503,20150511,000000033852,000000000000,,  000,000,000,072                                                              
00724302,S3910098104,992482,201412,20150511,000000035043,000000000000,,  000,000,000,072                                                              
00724880,C6020604107,785331,201503,20150511,000000187433,000000000000,,  000,000,000,072                                                              
00724880,C6910887101,225262,201503,20150511,000000145618,000000000000,,  000,000,000,072                                                              
00728846,C6720755100,439567,201411,20150511,000005219193,000000000000,,  000,000,000,072                                                              
00728846,C6751147102,387825,201504,20150511,000000144881,000000183476,,  000,000,000,072                                                              
00728846,C6753208100,958152,201503,20150511,000000017175,000000000000,,  000,000,000,072                                                              
00728846,C7411265102,569908,201504,20150511,000000498211,000000394711,,  000,000,000,072                                                              
00728846,N8513195103,285377,201504,20150511,000000084598,000000039885,,  000,000,000,072                                                              
00728846,O2010641106,029396,201504,20150511,000000228701,000000108351,,  000,000,000,072                                                              
501     ,C6739207101,195885,201504,20150511,000000416470,000000363262,,  000,000,000,062                                                              
501     ,C6748934109,206184,201504,20150511,000000169987,000000196781,,  000,000,000,062                                                              
