     181,N9111185108,623730,201501,20150220,000000031581,000000000000,,  000,000,000,036                                                              
   00177,C6018685100,815009,201012,20150220,000000000000,000000229737,,  000,000,000,012                                                              
   00561,C6744238109,954610,201412,20150220,000000213768,000000180763,,  000,000,000,012                                                              
   00562,C6738273104,574612,201501,20150220,000000064525,000000000000,,  000,000,000,012                                                              
   00562,C6738273104,995163,201412,20150220,000000065247,000000042934,,  000,000,000,012                                                              
   04205,C5914268102,226132,201501,20150220,000005607867,000000000000,,  000,000,000,012                                                              
   04205,C6022831104,326958,201501,20150220,000000665335,000000000000,,  000,000,000,012                                                              
   04205,C6740567105,080474,201501,20150220,000000077013,000000000000,,  000,000,000,012                                                              
   04205,C6740567105,471391,201412,20150220,000000053976,000000054805,,  000,000,000,012                                                              
   04205,C6743382106,063260,201501,20150220,000000178342,000000000000,,  000,000,000,012                                                              
   04205,C6749091107,770748,201501,20150220,000000480796,000000000000,,  000,000,000,012                                                              
   04205,C6750958103,653572,201501,20150220,000000442490,000000000000,,  000,000,000,012                                                              
   04205,C6752385107,859809,201501,20150220,000000402092,000000000000,,  000,000,000,012                                                              
   04205,C6753118101,373878,201412,20150220,000004155756,000000000000,,  000,000,000,012                                                              
   04205,C6911318106,689598,201501,20150220,000017285078,000000000000,,  000,000,000,012                                                              
   04205,N8510129105,370842,201408,20150220,000000072736,000000046942,,  000,000,000,012                                                              
   04205,N8512748100,777702,201501,20150220,000000469960,000000000000,,  000,000,000,012                                                              
   05070,C6749725100,419151,201501,20150220,000000216330,000000000000,,  000,000,000,012                                                              
   05290,C6023592101,831474,201501,20150220,000000609748,000000000000,,  000,000,000,012                                                              
   05290,N8512460102,213341,201501,20150220,000000668095,000000000000,,  000,000,000,012                                                              
   06535,C6023011102,520275,201501,20150220,000000161034,000000000000,,  000,000,000,012                                                              
   06536,C6750911102,130017,201501,20150220,000000071945,000000000000,,  000,000,000,012                                                              
   06539,C6022493103,055534,201501,20150220,000000146271,000000000000,,  000,000,000,012                                                              
   06539,C6746335101,264030,201501,20150220,000000129180,000000000000,,  000,000,000,012                                                              
   06549,C6752912108,983375,201501,20150220,000000584693,000000000000,,  000,000,000,012                                                              
00000016,C7410482104,667549,201501,20150220,000002123984,000000000000,,  000,000,000,002                                                              
00000092,C6743365101,414985,200602,20150220,000000000000,000000000000,,  000,000,000,002                                                              
00000100,C6727098108,345024,201501,20150220,000000028485,000000000000,,  000,000,000,014                                                              
00000285,16012066102,393841,201412,20150220,000000000000,000000000000,,  000,000,000,002                                                              
00000777,C6211051100,563591,201501,20150220,000000056886,000000000000,,  000,000,000,002                                                              
00000798,H5112312103,840400,201501,20150220,000000116880,000000000000,,  000,000,000,002                                                              
00000870,16010169106,525946,201404,20150220,000000000000,000000045162,,  000,000,000,002                                                              
00000870,16010169106,547713,201406,20150220,000000000000,000000050413,,  000,000,000,002                                                              
00000870,16010169106,836910,201402,20150220,000000000000,000000046119,,  000,000,000,002                                                              
00000870,C6021217107,816198,201411,20150220,000000458376,000000000000,,  000,000,000,002                                                              
00000870,C6023646105,384184,201501,20150220,000009269266,000000000000,,  000,000,000,002                                                              
00000870,C6212231107,029732,201501,20150220,000000540826,000000000000,,  000,000,000,002                                                              
00000870,C6212231107,980552,201412,20150220,000000763254,000000000000,,  000,000,000,002                                                              
00000870,C6741402104,260702,201302,20150220,000000000000,000000000000,,  000,000,000,002                                                              
00000870,C6741402104,697940,201306,20150220,000000000000,000000000000,,  000,000,000,002                                                              
00000870,C6741402104,785620,201304,20150220,000000000000,000000000000,,  000,000,000,002                                                              
00000870,C6746804106,623970,201501,20150220,000000229671,000000000000,,  000,000,000,002                                                              
00000870,C6750530100,927343,201501,20150220,000000100288,000000000000,,  000,000,000,002                                                              
00000870,C6751354104,129540,201501,20150220,000001713746,000000000000,,  000,000,000,002                                                              
00000870,C6752154107,750358,201412,20150220,000000000000,000000023774,,  000,000,000,002                                                              
00000870,C6810849102,790295,201501,20150220,000000290766,000000000000,,  000,000,000,002                                                              
00000981,C6021517100,225400,201412,20150220,000000033009,000000595778,,  000,000,000,014                                                              
00000981,C6022791100,701474,201501,20150220,000000255933,000000000000,,  000,000,000,014                                                              
00000981,C6720638108,560589,201501,20150220,000019937530,000000000000,,  000,000,000,014                                                              
00000981,C6734093100,196219,201501,20150220,000000000635,000000000000,,  000,000,000,014                                                              
00000981,C6739766106,000760,201006,20150220,000000053110,000000074812,,  000,000,000,014                                                              
00000981,C6739766106,035639,201402,20150220,000000470105,000000990783,,  000,000,000,014                                                              
00000981,C6739766106,054351,201001,20150220,000000050662,000000000000,,  000,000,000,014                                                              
00000981,C6739766106,060613,201104,20150220,000000050359,000000066924,,  000,000,000,014                                                              
00000981,C6739766106,061459,201004,20150220,000000053491,000000075347,,  000,000,000,014                                                              
00000981,C6739766106,109054,201201,20150220,000000046929,000000000000,,  000,000,000,014                                                              
00000981,C6739766106,160945,201308,20150220,000000484068,000000957606,,  000,000,000,014                                                              
00000981,C6739766106,164862,201310,20150220,000000544519,000001050441,,  000,000,000,014                                                              
00000981,C6739766106,203630,201102,20150220,000000045084,000000065811,,  000,000,000,014                                                              
00000981,C6739766106,239625,201012,20150220,000000051085,000000069641,,  000,000,000,014                                                              
00000981,C6739766106,255371,201202,20150220,000000043463,000000058771,,  000,000,000,014                                                              
00000981,C6739766106,274313,201003,20150220,000000055471,000000000000,,  000,000,000,014                                                              
00000981,C6739766106,287853,201411,20150220,000000315324,000000000000,,  000,000,000,014                                                              
00000981,C6739766106,294762,201210,20150220,000000038293,000000054973,,  000,000,000,014                                                              
00000981,C6739766106,300619,201406,20150220,000000321829,000000724257,,  000,000,000,014                                                              
00000981,C6739766106,318963,201101,20150220,000000050472,000000000000,,  000,000,000,014                                                              
00000981,C6739766106,333172,201304,20150220,000000543234,000001087121,,  000,000,000,014                                                              
00000981,C6739766106,355299,201011,20150220,000000050043,000000000000,,  000,000,000,014                                                              
00000981,C6739766106,376672,201110,20150220,000000049314,000000063419,,  000,000,000,014                                                              
00000981,C6739766106,385746,201312,20150220,000000534283,000001029652,,  000,000,000,014                                                              
00000981,C6739766106,394312,201010,20150220,000000052496,000000071563,,  000,000,000,014                                                              
00000981,C6739766106,410743,201309,20150220,000000946360,000000000000,,  000,000,000,014                                                              
00000981,C6739766106,415251,201302,20150220,000000585901,000001079612,,  000,000,000,014                                                              
00000981,C6739766106,442746,201105,20150220,000000050361,000000000000,,  000,000,000,014                                                              
00000981,C6739766106,444627,201301,20150220,000000659396,000000000000,,  000,000,000,014                                                              
00000981,C6739766106,453586,201009,20150220,000000051481,000000000000,,  000,000,000,014                                                              
00000981,C6739766106,471732,201007,20150220,000000054382,000000000000,,  000,000,000,014                                                              
00000981,C6739766106,485741,201311,20150220,000000515479,000000000000,,  000,000,000,014                                                              
00000981,C6739766106,494606,201008,20150220,000000053853,000000074617,,  000,000,000,014                                                              
00000981,C6739766106,526588,201002,20150220,000000045192,000000074157,,  000,000,000,014                                                              
00000981,C6739766106,532372,201103,20150220,000000052419,000000000000,,  000,000,000,014                                                              
00000981,C6739766106,536799,201005,20150220,000000055240,000000000000,,  000,000,000,014                                                              
00000981,C6739766106,544928,201205,20150220,000000040852,000000000000,,  000,000,000,014                                                              
00000981,C6739766106,571438,201407,20150220,000000312543,000000000000,,  000,000,000,014                                                              
00000981,C6739766106,591126,201111,20150220,000000046847,000000000000,,  000,000,000,014                                                              
00000981,C6739766106,602224,201307,20150220,000000491083,000000000000,,  000,000,000,014                                                              
00000981,C6739766106,604285,201409,20150220,000000300016,000000000000,,  000,000,000,014                                                              
00000981,C6739766106,625353,201303,20150220,000000560813,000000000000,,  000,000,000,014                                                              
00000981,C6739766106,631605,201203,20150220,000000041264,000000000000,,  000,000,000,014                                                              
00000981,C6739766106,633119,201404,20150220,000000505847,000000963016,,  000,000,000,014                                                              
00000981,C6739766106,637336,201106,20150220,000000049983,000000065332,,  000,000,000,014                                                              
00000981,C6739766106,641817,201204,20150220,000000039735,000000058945,,  000,000,000,014                                                              
00000981,C6739766106,652489,201405,20150220,000000458319,000000000000,,  000,000,000,014                                                              
00000981,C6739766106,692193,201206,20150220,000000039030,000000057898,,  000,000,000,014                                                              
00000981,C6739766106,733358,201108,20150220,000000050546,000000066073,,  000,000,000,014                                                              
00000981,C6739766106,759683,201112,20150220,000000047636,000000061262,,  000,000,000,014                                                              
00000981,C6739766106,803460,201403,20150220,000000673031,000000000000,,  000,000,000,014                                                              
00000981,C6739766106,857539,201109,20150220,000000048421,000000000000,,  000,000,000,014                                                              
00000981,C6739766106,926878,201208,20150220,000000039318,000000057370,,  000,000,000,014                                                              
00000981,C6739766106,933226,201212,20150220,000000037294,000000053539,,  000,000,000,014                                                              
00000981,C6739766106,937336,201211,20150220,000000036491,000000000000,,  000,000,000,014                                                              
00000981,C6739766106,940711,201107,20150220,000000051014,000000000000,,  000,000,000,014                                                              
00000981,C6739766106,952674,201305,20150220,000000519075,000000000000,,  000,000,000,014                                                              
00000981,C6739766106,955199,201207,20150220,000000039773,000000000000,,  000,000,000,014                                                              
00000981,C6739766106,978470,201401,20150220,000000536076,000000000000,,  000,000,000,014                                                              
00000981,C6739766106,996833,201306,20150220,000000483032,000000984195,,  000,000,000,014                                                              
00000981,C6746125106,440559,201501,20150220,000002559689,000000000000,,  000,000,000,014                                                              
00000981,C6751387104,507101,201412,20150220,000000477832,000000217578,,  000,000,000,014                                                              
00000981,C6751387104,872372,201411,20150220,000000467538,000000000000,,  000,000,000,014                                                              
00000981,C6751387104,976386,201501,20150220,000000470714,000000000000,,  000,000,000,014                                                              
00001102,H5112424106,649349,201501,20150220,000000859654,000000000000,,  000,000,000,014                                                              
00004149,C6752667108,211235,201501,20150220,000000071301,000000000000,,  000,000,000,002                                                              
00004414,C6746083107,518287,201501,20150220,000000069536,000000000000,,  000,000,000,002                                                              
00004469,C6749638105,444256,201501,20150220,000000059167,000000000000,,  000,000,000,002                                                              
00005003,C6110102137,809287,201501,20150220,000003155218,000000000000,,  000,000,000,021                                                              
00005003,C6735990106,675884,201501,20150220,000000595333,000000000000,,  000,000,000,021                                                              
00005003,L4510017137,876594,201402,20150220,000000000000,000000000000,,  000,000,000,021                                                              
00100083,C6732598100,283102,201501,20150220,000000163636,000000000000,,  000,000,000,021                                                              
00100499,O0410146106,294629,201501,20150220,000000189027,000000000000,,  000,000,000,021                                                              
00100524,C6014381100,433270,201202,20150220,000000087415,000000000000,,  000,000,000,021                                                              
00100524,C6014381100,493675,201201,20150220,000000094388,000000000000,,  000,000,000,021                                                              
00100524,C6014381100,737661,201203,20150220,000000092640,000000000000,,  000,000,000,021                                                              
00100560,C6745310105,613395,201501,20150220,000000039586,000000000000,,  000,000,000,021                                                              
00100560,C6746849101,459072,201501,20150220,000000068345,000000000000,,  000,000,000,021                                                              
00100637,C6023364105,274315,201412,20150220,000000063800,000000036398,,  000,000,000,021                                                              
00100764,C7210889102,426140,201501,20150220,000000065342,000000000000,,  000,000,000,021                                                              
00101177,H5112304100,996471,201501,20150220,000000214068,000000000000,,  000,000,000,021                                                              
00101607,O1310023106,289070,201406,20150220,000000120928,000000057378,,  000,000,000,021                                                              
00101998,C6022562105,785072,201501,20150220,000001112753,000000000000,,  000,000,000,021                                                              
00103028,C6021347102,954475,201501,20150220,000000123384,000000000000,,  000,000,000,021                                                              
00720050,C5914627109,624645,201501,20150220,000000071162,000000000000,,  000,000,000,072                                                              
00720280,C6022137106,427910,201501,20150220,000000047909,000000000000,,  000,000,000,072                                                              
00720714,C6747816109,291093,201501,20150220,000000088637,000000000000,,  000,000,000,072                                                              
00720714,C6747816109,522076,201412,20150220,000000000000,000000046971,,  000,000,000,072                                                              
00720714,C6749317106,034966,201412,20150220,000000327260,000000000000,,  000,000,000,072                                                              
00720714,C6752588106,696769,201412,20150220,000000134202,000000093189,,  000,000,000,072                                                              
00720714,C7411292130,329231,201412,20150220,000000000000,000000104478,,  000,000,000,072                                                              
00721297,C5913688102,406334,201306,20150220,000000000000,000001961586,,  000,000,000,072                                                              
00721348,C6745232101,086678,201501,20150220,000000883236,000000000000,,  000,000,000,072                                                              
00721348,C6811286106,106789,201412,20150220,000000562181,000000417306,,  000,000,000,072                                                              
00721394,C6212408101,546852,201501,20150220,000000243862,000000000000,,  000,000,000,072                                                              
00721394,S3910127101,897209,200702,20150220,000000000000,000000000000,,  000,000,000,072                                                              
00722374,C6023283107,864117,201501,20150220,000000318868,000000000000,,  000,000,000,072                                                              
00722408,C6020221100,453834,201501,20150220,000000369018,000000000000,,  000,000,000,072                                                              
00722408,C6745243108,659538,201501,20150220,000000135371,000000000000,,  000,000,000,072                                                              
00722409,C6749640101,223595,201501,20150220,000000228816,000000000000,,  000,000,000,072                                                              
00722409,C6752939101,507131,201411,20150220,000000231240,000000000000,,  000,000,000,072                                                              
00722416,C6737852106,642539,201412,20150220,000000182476,000000102585,,  000,000,000,072                                                              
00722417,C6812018102,313774,201501,20150220,000000497784,000000000000,,  000,000,000,072                                                              
00722537,C6748106104,807105,201501,20150220,000000705764,000000000000,,  000,000,000,072                                                              
00722537,C6749669100,521995,201501,20150220,000000058711,000000000000,,  000,000,000,072                                                              
00728846,C5911284102,159355,201412,20150220,000037743316,000000000000,,  000,000,000,072                                                              
00728846,C5915102102,849178,201412,20150220,000000000000,000009867139,,  000,000,000,072                                                              
00728846,C6745201106,578225,201501,20150220,000008124379,000000000000,,  000,000,000,072                                                              
00728846,C6751653109,315869,201501,20150220,000000837948,000000000000,,  000,000,000,072                                                              
00728846,C6752754104,012265,201501,20150220,000000065454,000000000000,,  000,000,000,072                                                              
MM      ,C6750203104,529625,201412,20150220,000000460987,000000222972,,  000,000,000,030                                                              
