00101903,C6022223104,257744,200812,20150205,000000000000,000000000000,,  000,000,000,021                                                              
00101903,C6022223104,453269,200902,20150205,000000000000,000000000000,,  000,000,000,021                                                              
00101903,C6741478104,028341,200804,20150205,000000000000,000000000000,,  000,000,000,021                                                              
00101903,C6741478104,423502,200708,20150205,000000000000,000000000000,,  000,000,000,021                                                              
00101903,C6741478104,445216,200806,20150205,000000000000,000000000000,,  000,000,000,021                                                              
00101903,C6741478104,686814,200706,20150205,000000000000,000000000000,,  000,000,000,021                                                              
00101903,C6741478104,939688,200704,20150205,000000000000,000000000000,,  000,000,000,021                                                              
     180,16011740103,432295,201403,20150205,000000376544,000000000000,,  000,000,000,036                                                              
   00561,C6741478104,118477,201306,20150205,000000000000,000000000000,,  000,000,000,012                                                              
   00561,C6741478104,950786,200604,20150205,000000000000,000000000000,,  000,000,000,012                                                              
   04205,C6743663109,500543,201501,20150205,000000948923,000000000000,,  000,000,000,012                                                              
   04205,C6752357106,186073,201412,20150205,000001828791,000000567061,,  000,000,000,012                                                              
   04205,C7210512100,877280,201501,20150205,000001366469,000000000000,,  000,000,000,012                                                              
   04205,C7211150108,017804,201501,20150205,000003186722,000000000000,,  000,000,000,012                                                              
   04205,C7211156105,949042,201412,20150205,000017121447,000000000000,,  000,000,000,012                                                              
   04205,C7410088109,922400,200706,20150205,000000000000,000000000000,,  000,000,000,012                                                              
   04205,N8610020105,475094,201409,20150205,000000412613,000000000000,,  000,000,000,012                                                              
   04205,N9210641100,561607,201501,20150205,000000167964,000000000000,,  000,000,000,012                                                              
   05290,C6023592101,453666,201412,20150205,000000000000,000000000000,,  000,000,000,012                                                              
   06549,C6752912108,069252,201412,20150205,000000709661,000000298965,,  000,000,000,012                                                              
00000092,C6742061107,004265,200810,20150205,000000000000,000000000000,,  000,000,000,002                                                              
00000092,C6742061107,223019,200812,20150205,000000000000,000000000000,,  000,000,000,002                                                              
00000153,C7110550101,684425,201501,20150205,000000482559,000000000000,,  000,000,000,014                                                              
00000157,L4510211102,291952,201412,20150205,000000060480,000000025801,,  000,000,000,014                                                              
00000157,L4510211102,781033,201411,20150205,000000059952,000000000000,,  000,000,000,014                                                              
00000410,C6020871102,786062,201501,20150205,000000878036,000000000000,,  000,000,000,014                                                              
00000870,C6724798106,463653,201501,20150205,000000479322,000000000000,,  000,000,000,002                                                              
00000981,C6720638108,252246,201412,20150205,000000000000,000026086055,,  000,000,000,014                                                              
00000981,C6736201107,888498,201412,20150205,000000000000,000014878288,,  000,000,000,014                                                              
00000981,O1510386105,713436,201501,20150205,000008699604,000000000000,,  000,000,000,014                                                              
00004149,C6724447100,579795,201501,20150205,000000257007,000000000000,,  000,000,000,002                                                              
00004469,C6745644107,603019,201412,20150205,000000456699,000000353368,,  000,000,000,002                                                              
00005003,L4510017137,087063,201312,20150205,000000000000,000000000000,,  000,000,000,021                                                              
00100524,C6023234100,600563,201412,20150205,000000000000,000000000000,,  000,000,000,021                                                              
00100560,C6741478104,198723,200712,20150205,000000000000,000000000000,,  000,000,000,021                                                              
00100560,C6741478104,584111,200802,20150205,000000000000,000000000000,,  000,000,000,021                                                              
00100560,C6741478104,970226,200710,20150205,000000000000,000000000000,,  000,000,000,021                                                              
00101150,C6749220102,898017,201501,20150205,000002134304,000000000000,,  000,000,000,021                                                              
00101151,C6811399107,336647,201501,20150205,000000843497,000000000000,,  000,000,000,021                                                              
00101998,C6212350105,041222,201408,20150205,000000000000,000000000000,,  000,000,000,021                                                              
00101998,C6750171103,256894,201407,20150205,000000719938,000000000000,,  000,000,000,021                                                              
00101998,C6750171103,392997,201406,20150205,000000910061,000000311738,,  000,000,000,021                                                              
00101998,C6750171103,977718,201408,20150205,000000000000,000000208120,,  000,000,000,021                                                              
00721348,C6023387106,843742,201412,20150205,000000080285,000000044211,,  000,000,000,072                                                              
00721931,C6023606109,750556,201412,20150205,000000827316,000000406074,,  000,000,000,072                                                              
00721998,C6753051104,307228,201501,20150205,000000533166,000000000000,,  000,000,000,072                                                              
00722402,C6019366106,262746,201411,20150205,000000004113,000000000000,,  000,000,000,072                                                              
00722402,C6019366106,298403,201410,20150205,000000004332,000000002498,,  000,000,000,072                                                              
00722402,C6019366106,493252,201412,20150205,000000002294,000000002983,,  000,000,000,072                                                              
00722402,C6019366106,757363,201409,20150205,000000000994,000000000000,,  000,000,000,072                                                              
00722416,C6749710102,647087,201412,20150205,000000056186,000000025801,,  000,000,000,072                                                              
00728846,C6212324100,568367,201501,20150205,000000833730,000000000000,,  000,000,000,072                                                              
00728846,C6750294103,107277,201501,20150205,000000622056,000000000000,,  000,000,000,072                                                              
501     ,C6744006100,309456,201412,20150205,000001298064,000001191103,,  000,000,000,062                                                              
501     ,C6744265102,042706,201412,20150205,000000785424,000000683215,,  000,000,000,062                                                              
