   00105,06060158109,664817,201503,20150527,000000007125,000000000000,,  000,000,000,012                                                              
   00105,C4154471104,683814,201504,20150527,000000272876,000000195833,,  000,000,000,012                                                              
   00177,C4150560108,054745,201411,20150527,000000154205,000000000000,,  000,000,000,012                                                              
   03480,C4154728107,863140,201503,20150527,000001107512,000000000000,,  000,000,000,012                                                              
   04203,C4131890103,516368,201504,20150527,000000010066,000000007846,,  000,000,000,012                                                              
   04205,17096139104,799297,201503,20150527,000000449186,000000000000,,  000,000,000,012                                                              
   04205,17096139104,974982,201504,20150527,000000435908,000000000000,,  000,000,000,012                                                              
   04205,C3719861106,116888,201503,20150527,000000641192,000000000000,,  000,000,000,012                                                              
   04205,C4125301109,529439,201503,20150527,000000126749,000000000000,,  000,000,000,012                                                              
   04205,C4133946101,525198,201504,20150527,000001233847,000001321222,,  000,000,000,012                                                              
   04205,C4136335104,150555,201504,20150527,000001137372,000000816215,,  000,000,000,012                                                              
   04205,C4136839105,351066,201504,20150527,000000000000,000004632279,,  000,000,000,012                                                              
   04205,C4145905103,009545,201504,20150527,000001489972,000001236990,,  000,000,000,012                                                              
   04205,C4156160101,798406,201502,20150527,000000167634,000000000000,,  000,000,000,012                                                              
   04205,C4157189109,484509,201504,20150527,000000141465,000000042055,,  000,000,000,012                                                              
   04205,C4157724103,507365,201504,20150527,000000000000,000001708852,,  000,000,000,012                                                              
00000369,C4154969107,419104,201503,20150527,000000138994,000000000000,,  000,000,000,002                                                              
00000369,C4154969107,571469,201501,20150527,000000142550,000000000000,,  000,000,000,002                                                              
00000369,C4154969107,898994,201412,20150527,000000000000,000000057018,,  000,000,000,002                                                              
00000369,C4154969107,995861,201504,20150527,000000133024,000000056726,,  000,000,000,002                                                              
00000633,C4136104104,347786,201504,20150527,000000176513,000000094634,,  000,000,000,002                                                              
00000870,C4157662105,600474,201412,20150527,000000284012,000000295168,,  000,000,000,002                                                              
00000870,C4157816107,178708,201504,20150527,000000780306,000000726563,,  000,000,000,002                                                              
00002246,C4129050108,932273,201504,20150527,000000116260,000000060198,,  000,000,000,014                                                              
00004182,C4122546102,849493,201504,20150527,000000057279,000000028363,,  000,000,000,002                                                              
00004346,C4152129100,769782,201503,20150527,000000079489,000000000000,,  000,000,000,002                                                              
00004346,C4152129100,991039,201504,20150527,000000076077,000000031270,,  000,000,000,002                                                              
00004463,C4154650103,424726,201412,20150527,000000000000,000000024303,,  000,000,000,002                                                              
00004463,C4155493107,947900,201502,20150527,000000000000,000001697153,,  000,000,000,002                                                              
00005003,C4137274104,109993,201504,20150527,000000000000,000000376100,,  000,000,000,021                                                              
00005003,C4153801103,040474,201504,20150527,000000235660,000000126795,,  000,000,000,021                                                              
00005003,C4156461103,742528,201503,20150527,000000347362,000000000000,,  000,000,000,021                                                              
00006559,C4152731103,929115,201504,20150527,000000120903,000000087384,,  000,000,000,002                                                              
00008342,C4152839104,935970,201504,20150527,000000060429,000000017683,,  000,000,000,014                                                              
00100179,C4138243108,149178,201504,20150527,000000057279,000000028363,,  000,000,000,021                                                              
00100179,C4154295107,740652,201504,20150527,000000540334,000000313441,,  000,000,000,021                                                              
00100453,C4143289104,502525,201502,20150527,000000000000,000000358420,,  000,000,000,021                                                              
00100453,C4152905103,502695,201502,20150527,000000000000,000000027432,,  000,000,000,021                                                              
00100647,C4154664104,105537,201501,20150527,000000112533,000000000000,,  000,000,000,021                                                              
00100647,C4154664104,209012,201406,20150527,000000174281,000000345756,,  000,000,000,021                                                              
00100647,C4154664104,760488,201404,20150527,000000155069,000000322714,,  000,000,000,021                                                              
00100647,C4154664104,829778,201504,20150527,000000142156,000000281661,,  000,000,000,021                                                              
00100647,C4154887101,103251,201410,20150527,000000000000,000000059412,,  000,000,000,021                                                              
00100772,C4116089101,502355,201502,20150527,000000000000,000000477205,,  000,000,000,021                                                              
00100772,C4150486106,476829,201502,20150527,000000000000,000000027917,,  000,000,000,021                                                              
00100772,C4150486106,661598,201410,20150527,000000000000,000000161044,,  000,000,000,021                                                              
00100772,C4156331108,273450,201503,20150527,000000510252,000000000000,,  000,000,000,021                                                              
00101971,C3719842106,548912,201504,20150527,000000061945,000000028363,,  000,000,000,021                                                              
00101971,C3720042100,450920,201504,20150527,000000473902,000000371620,,  000,000,000,021                                                              
00103005,C4148650102,214897,201504,20150527,000000913478,000000809523,,  000,000,000,021                                                              
00720148,C4153171101,947730,201503,20150527,000000111189,000000000000,,  000,000,000,072                                                              
00720148,C4154079105,954632,201504,20150527,000000714509,000000481551,,  000,000,000,072                                                              
00720160,C4145501100,335777,201504,20150527,000000099094,000000053284,,  000,000,000,072                                                              
00720687,C4154095101,925162,201504,20150527,000000123983,000000075955,,  000,000,000,072                                                              
00720705,C4153908106,444023,201504,20150527,000000079751,000000067432,,  000,000,000,072                                                              
00722020,C4148472101,470617,201504,20150527,000001280985,000000404507,,  000,000,000,072                                                              
00722069,C4140477108,371650,201504,20150527,000000057279,000000028363,,  000,000,000,072                                                              
00722121,C3720590108,024947,201402,20150527,000000002196,000000002752,,  000,000,000,072                                                              
00722121,C3720590108,174230,201406,20150527,000000002124,000000002588,,  000,000,000,072                                                              
00722121,C3720590108,488404,201404,20150527,000000002214,000000002712,,  000,000,000,072                                                              
00722121,C3720590108,549688,201410,20150527,000000001696,000000002023,,  000,000,000,072                                                              
00722121,C3720590108,557848,201405,20150527,000000002245,000000000000,,  000,000,000,072                                                              
00722121,C3720590108,626263,201403,20150527,000000002320,000000000000,,  000,000,000,072                                                              
00722121,C3720590108,656729,201409,20150527,000000002034,000000000000,,  000,000,000,072                                                              
00722121,C3720590108,664533,201412,20150527,000000001960,000000002314,,  000,000,000,072                                                              
00722121,C3720590108,738918,201407,20150527,000000001748,000000000000,,  000,000,000,072                                                              
00722121,C3720590108,753615,201408,20150527,000000002126,000000002537,,  000,000,000,072                                                              
00722121,C3720590108,833454,201411,20150527,000000001936,000000000000,,  000,000,000,072                                                              
00722121,C3720590108,849955,201502,20150527,000000001713,000000002620,,  000,000,000,072                                                              
00722121,C3720590108,861481,201501,20150527,000000004132,000000000000,,  000,000,000,072                                                              
00722121,C3720590108,943853,201503,20150527,000000001865,000000000000,,  000,000,000,072                                                              
00724880,17020099101,739655,201502,20150527,000000118390,000000071733,,  000,000,000,072                                                              
00724880,C3717537104,166952,201504,20150527,000001336933,000000000000,,  000,000,000,072                                                              
00724880,C3717537104,506695,201504,20150527,000000000000,000000674928,,  000,000,000,072                                                              
00728846,C4157897107,171933,201503,20150527,000000014025,000000000000,,  000,000,000,072                                                              
