     180,C4145361109,515922,201504,20150528,000000553554,000000365171,,  000,000,000,036                                                              
     181,C4150713103,251431,201504,20150528,000000000000,000000031025,,  000,000,000,036                                                              
     181,C4156939108,821636,201504,20150528,000000185438,000000112852,,  000,000,000,036                                                              
   00030,C4147796104,438488,201504,20150528,000000128724,000000085642,,  000,000,000,012                                                              
   00030,C4154757106,949712,201412,20150528,000000133287,000000148772,,  000,000,000,012                                                              
   00030,C4154757106,995081,201412,20150528,000000090920,000000101342,,  000,000,000,012                                                              
   04205,C4145172100,657997,201504,20150528,000000000000,000000000000,,  000,000,000,012                                                              
   04205,C4153407109,176123,201504,20150528,000000223645,000000000000,,  000,000,000,012                                                              
   04205,C4154011108,793514,201504,20150528,000000399423,000000353307,,  000,000,000,012                                                              
   04205,C4154756108,730110,201504,20150528,000000215609,000000230429,,  000,000,000,012                                                              
   04205,C4155614108,325665,201504,20150528,000000478725,000000439095,,  000,000,000,012                                                              
   04205,C4156420109,295997,201504,20150528,000000000000,000000000000,,  000,000,000,012                                                              
00000518,C3715527107,577979,201502,20150528,000000159558,000000201523,,  000,000,000,014                                                              
00000572,C3712025105,913681,201504,20150528,000000206226,000000226902,,  000,000,000,002                                                              
00000573,C4156128108,385843,201504,20150528,000000187537,000000087694,,  000,000,000,002                                                              
00000651,C4133601102,472988,201504,20150528,000000447794,000000450943,,  000,000,000,002                                                              
00000870,C4112324106,022218,201310,20150528,000000000000,000000000000,,  000,000,000,002                                                              
00000870,C4112324106,034512,201304,20150528,000000000000,000000000000,,  000,000,000,002                                                              
00000870,C4112324106,055570,201306,20150528,000000000000,000000000000,,  000,000,000,002                                                              
00000870,C4112324106,171096,201312,20150528,000000000000,000000000000,,  000,000,000,002                                                              
00000870,C4112324106,182335,201308,20150528,000000000000,000000000000,,  000,000,000,002                                                              
00000870,C4112324106,468803,201302,20150528,000000000000,000000000000,,  000,000,000,002                                                              
00000870,C4148396102,545341,201504,20150528,000000073592,000000041268,,  000,000,000,002                                                              
00000870,C4153115108,793800,201504,20150528,000000000000,000000467620,,  000,000,000,002                                                              
00000870,C4157262104,132484,201504,20150528,000000074270,000000057817,,  000,000,000,002                                                              
00004346,C4156323105,222236,201502,20150528,000000002118,000000000478,,  000,000,000,002                                                              
00004346,C4156323105,883992,201504,20150528,000000061945,000000028363,,  000,000,000,002                                                              
00004409,C3720812106,490455,201504,20150528,000000195760,000000089014,,  000,000,000,002                                                              
00004861,06070577108,006050,201502,20150528,000000000000,000001244868,,  000,000,000,002                                                              
00005002,C4157144104,147187,201503,20150528,000000125621,000000000000,,  000,000,000,021                                                              
00005002,C4157144104,149210,201504,20150528,000000122777,000000199776,,  000,000,000,021                                                              
00005002,C4157144104,168180,201504,20150528,000000000000,000000000000,,  000,000,000,021                                                              
00100054,C4131055103,535911,201504,20150528,000000057279,000000028363,,  000,000,000,021                                                              
00100054,C4143006102,196588,201106,20150528,000000000000,000000000000,,  000,000,000,021                                                              
00100054,C4143006102,345030,201212,20150528,000000000000,000000000000,,  000,000,000,021                                                              
00100054,C4143006102,476702,201008,20150528,000000000000,000000000000,,  000,000,000,021                                                              
00100054,C4143006102,507414,201108,20150528,000000000000,000000000000,,  000,000,000,021                                                              
00100054,C4143006102,581416,200512,20150528,000000000000,000000000000,,  000,000,000,021                                                              
00100054,C4143006102,802369,201310,20150528,000000000000,000000000000,,  000,000,000,021                                                              
00100054,C4143006102,989879,200510,20150528,000000000000,000000000000,,  000,000,000,021                                                              
00100054,C4145093108,415992,201104,20150528,000000000000,000000000000,,  000,000,000,021                                                              
00100054,C4145093108,540645,200510,20150528,000000000000,000000000000,,  000,000,000,021                                                              
00100054,C4145093108,546510,201006,20150528,000000000000,000000000000,,  000,000,000,021                                                              
00100054,C4145093108,742830,200512,20150528,000000000000,000000000000,,  000,000,000,021                                                              
00100179,C4156648105,969002,201504,20150528,000000057377,000000028363,,  000,000,000,021                                                              
00100362,C4141013100,639813,201504,20150528,000000200071,000000142723,,  000,000,000,021                                                              
00100772,C3718397102,502244,201502,20150528,000000000000,000000079860,,  000,000,000,021                                                              
00100772,C4143506101,931281,201504,20150528,000000322196,000000341757,,  000,000,000,021                                                              
00101885,C3718485105,290092,201504,20150528,000000271088,000000000000,,  000,000,000,021                                                              
00103026,C4155257106,502781,201502,20150528,000000000000,000000262896,,  000,000,000,021                                                              
00720705,C4156551101,737632,201504,20150528,000000189193,000000119677,,  000,000,000,072                                                              
00722091,C4148101106,116070,201504,20150528,000000470733,000000273824,,  000,000,000,072                                                              
00722445,C3719998106,513296,201504,20150528,000000077227,000000044590,,  000,000,000,072                                                              
00724880,C4147681108,558193,201504,20150528,000001948726,000001815225,,  000,000,000,072                                                              
00724880,C4155091109,062817,201402,20150528,000000018514,000000028254,,  000,000,000,072                                                              
00724880,C4155091109,370617,201401,20150528,000000020748,000000000000,,  000,000,000,072                                                              
00724880,C4155091109,427380,201403,20150528,000000018939,000000000000,,  000,000,000,072                                                              
00727648,C4156564104,306726,201504,20150528,000000079054,000000072312,,  000,000,000,072                                                              
00728846,C4139723108,792426,201504,20150528,000000000000,000000117687,,  000,000,000,072                                                              
