   04205,C4141549103,310844,201504,20150505,000002540990,000002947611,,  000,000,000,012                                                              
00000017,06010268107,321647,201503,20150505,000006523313,000000000000,,  000,000,000,014                                                              
00000033,C3719160103,054440,201504,20150505,000000116980,000000137538,,  000,000,000,014                                                              
00000232,C4121748105,487386,201412,20150430,000000000000,000000000000,,  000,000,000,002                                                              
00000326,C3718230105,213173,201502,20150430,000000348096,000000209739,,  000,000,000,002                                                              
00000326,C4135607107,139493,200902,20150430,000000000000,000000299339,,  000,000,000,002                                                              
00000326,C4138873102,424440,201412,20150430,000000000000,000000038752,,  000,000,000,002                                                              
00000326,C4154378101,424715,201412,20150430,000000000000,000000033138,,  000,000,000,002                                                              
00000326,C4154783102,937827,201304,20150430,000000000000,000000000000,,  000,000,000,002                                                              
00000326,C4157428101,424862,201412,20150430,000000000000,000000526990,,  000,000,000,002                                                              
00000502,C4130566100,694938,201503,20150430,000000278126,000000000000,,  000,000,000,002                                                              
00000577,C4153677107,738807,201503,20150430,000000248883,000000000000,,  000,000,000,002                                                              
00000870,C3714872108,634834,201504,20150505,000000097451,000000105390,,  000,000,000,002                                                              
00000870,C3719968109,941215,201504,20150505,000000168829,000000068737,,  000,000,000,002                                                              
00000870,C4143962106,845127,201502,20150430,000000182781,000000000000,,  000,000,000,002                                                              
00000870,C4143962106,933924,201502,20150430,000000000000,000000464072,,  000,000,000,002                                                              
00000870,C4151857107,273658,200910,20150430,000000000000,000000000000,,  000,000,000,002                                                              
00000870,C4152271100,588201,201306,20150430,000000000000,000000000000,,  000,000,000,002                                                              
00000870,C4156601104,525581,201503,20150430,000000209573,000000000000,,  000,000,000,002                                                              
00004420,C4156968107,803280,201502,20150430,000000017717,000000000000,,  000,000,000,002                                                              
00005002,C4157105105,051720,201504,20150505,000003088211,000003634142,,  000,000,000,021                                                              
00006559,C4133601102,137335,201503,20150505,000000462719,000000000000,,  000,000,000,002                                                              
00010041,C4157882109,216040,201503,20150505,000000246610,000000000000,,  000,000,000,044                                                              
00010087,C4157885102,927028,201504,20150505,000000317400,000000357401,,  000,000,000,044                                                              
00100179,C4144993100,119713,201502,20150505,000000197477,000000126503,,  000,000,000,021                                                              
00100453,C4153381106,842414,201504,20150505,000000268206,000000179779,,  000,000,000,021                                                              
00101971,C3716261102,500241,201503,20150505,000000377084,000000000000,,  000,000,000,021                                                              
00103557,C4153464100,954616,201504,20150505,000000058056,000000030939,,  000,000,000,021                                                              
00303558,C3718448103,031410,201406,20150505,000000000000,000000029066,,  000,000,000,021                                                              
00303558,C3718448103,077398,201206,20150505,000000000000,000000039719,,  000,000,000,021                                                              
00303558,C3718448103,096658,201202,20150505,000000000000,000000041089,,  000,000,000,021                                                              
00303558,C3718448103,170861,201204,20150505,000000000000,000000040490,,  000,000,000,021                                                              
00303558,C3718448103,198806,201404,20150505,000000000000,000000030082,,  000,000,000,021                                                              
00303558,C3718448103,210776,201208,20150505,000000000000,000000038546,,  000,000,000,021                                                              
00303558,C3718448103,235854,201112,20150505,000000000000,000000041780,,  000,000,000,021                                                              
00303558,C3718448103,330767,201306,20150505,000000000000,000000034253,,  000,000,000,021                                                              
00303558,C3718448103,364378,201312,20150505,000000000000,000000032164,,  000,000,000,021                                                              
00303558,C3718448103,367520,201412,20150505,000000000000,000000026977,,  000,000,000,021                                                              
00303558,C3718448103,425946,201108,20150505,000000000000,000000044941,,  000,000,000,021                                                              
00303558,C3718448103,516899,201502,20150505,000000000000,000000027132,,  000,000,000,021                                                              
00303558,C3718448103,533767,201304,20150505,000000000000,000000034777,,  000,000,000,021                                                              
00303558,C3718448103,608785,201410,20150505,000000000000,000000028019,,  000,000,000,021                                                              
00303558,C3718448103,688057,201402,20150505,000000000000,000000031104,,  000,000,000,021                                                              
00303558,C3718448103,698007,201212,20150505,000000000000,000000036639,,  000,000,000,021                                                              
00303558,C3718448103,707093,201504,20150505,000000000000,000000028046,,  000,000,000,021                                                              
00303558,C3718448103,783498,201210,20150505,000000000000,000000037923,,  000,000,000,021                                                              
00303558,C3718448103,790475,201302,20150505,000000000000,000000035897,,  000,000,000,021                                                              
00303558,C3718448103,845880,201310,20150505,000000000000,000000033206,,  000,000,000,021                                                              
00303558,C3718448103,953731,201408,20150505,000000000000,000000028484,,  000,000,000,021                                                              
00303558,C3718448103,955375,201110,20150505,000000000000,000000043637,,  000,000,000,021                                                              
00721294,C4153152101,391685,201504,20150505,000000052440,000000026104,,  000,000,000,072                                                              
00722040,C4153442106,526558,201502,20150505,000000063970,000000048951,,  000,000,000,072                                                              
00728846,06050476107,562141,201504,20150505,000003266584,000003384603,,  000,000,000,072                                                              
00728846,C4147307100,057121,201503,20150505,000000967590,000000000000,,  000,000,000,072                                                              
00728846,C4157206101,340797,201504,20150505,000000375517,000000453074,,  000,000,000,072                                                              
02603693,C4152364103,566841,201503,20150505,000000097996,000000000000,,  000,000,000,021                                                              
