   04122,C4156796102,441459,201502,20150429,000000000000,000000476682,,  000,000,000,012                                                              
   04205,C4153143100,151131,201502,20150429,000000000000,000000000000,,  000,000,000,012                                                              
00000232,06010031109,465954,201502,20150429,000000000000,000000028621,,  900,000,000,002                                                              
00000326,C3720787100,095022,201410,20150429,000000000000,000000187260,,  900,000,000,002                                                              
00000326,C3720787100,393139,201408,20150429,000000000000,000000196287,,  900,000,000,002                                                              
00000326,C3720787100,424268,201412,20150429,000000000000,000001605868,,  900,000,000,002                                                              
00000326,C3720787100,502304,201502,20150429,000000000000,000000603500,,  900,000,000,002                                                              
00000502,C4151097100,126482,201502,20150424,000000027778,000000000000,,  000,000,000,002                                                              
00000649,C4154019101,519844,201503,20150424,000000378896,000000000000,,  000,000,000,002                                                              
00000870,06050595104,798057,201503,20150424,000004920777,000000000000,,  000,000,000,002                                                              
00000870,C3712468107,751812,201503,20150429,000000024175,000000000000,,  900,000,000,002                                                              
00000870,C4148396102,153130,201503,20150424,000000076042,000000000000,,  000,000,000,002                                                              
00000870,C4153115108,991172,201502,20150424,000000000000,000000504577,,  000,000,000,002                                                              
00000870,C4153282106,227333,201502,20150429,000000000000,000000000000,,  900,000,000,002                                                              
00000870,C4155346107,221492,201502,20150424,000000284874,000000184992,,  000,000,000,002                                                              
00000870,C4155346107,919900,201501,20150424,000000049470,000000000000,,  000,000,000,002                                                              
00000981,C4140738103,183829,201406,20150429,000000002630,000000004334,,  000,000,000,014                                                              
00000981,C4140738103,233365,201408,20150429,000000006889,000000011158,,  000,000,000,014                                                              
00000981,C4140738103,333996,201404,20150429,000000012074,000000025540,,  000,000,000,014                                                              
00000981,C4140738103,391714,201403,20150429,000000017964,000000000000,,  000,000,000,014                                                              
00000981,C4140738103,494854,201401,20150429,000000004718,000000000000,,  000,000,000,014                                                              
00000981,C4140738103,543296,201402,20150429,000000004208,000000007178,,  000,000,000,014                                                              
00000981,C4140738103,763831,201405,20150429,000000002750,000000000000,,  000,000,000,014                                                              
00000981,C4140738103,843683,201407,20150429,000000006985,000000000000,,  000,000,000,014                                                              
00004182,C4157270107,501869,201503,20150429,000000060638,000000000000,,  900,000,000,002                                                              
00004409,C3720618107,899425,201502,20150424,000000000000,000000508095,,  000,000,000,002                                                              
00004409,C4112064108,968314,201502,20150424,000002633947,000001475111,,  857,000,000,002                                                              
00005913,C4143217105,129574,200812,20150429,000000104581,000000000000,,  000,000,000,014                                                              
00100179,C4132605104,419943,201410,20150429,000000000000,000000229506,,  000,000,000,021                                                              
00100179,C4153253107,402706,201402,20150429,000000000000,000000047633,,  000,000,000,021                                                              
00100179,C4153253107,564674,201502,20150429,000000000000,000000040329,,  000,000,000,021                                                              
00100179,C4154882102,246115,201406,20150429,000000000000,000000040932,,  000,000,000,021                                                              
00100179,C4155075102,373710,201412,20150429,000000000000,000000028720,,  000,000,000,021                                                              
00100362,C3720042100,097607,201503,20150429,000000489708,000000000000,,  000,000,000,021                                                              
00100494,C4149034108,301033,201503,20150429,000000059290,000000000000,,  000,000,000,021                                                              
00100772,C4148721101,731146,201503,20150429,000000476744,000000000000,,  000,000,000,021                                                              
00720295,C4152063101,572944,201503,20150429,000000060638,000000000000,,  000,000,000,072                                                              
00720705,C4156088104,504420,201502,20150429,000000000000,000000006852,,  000,000,000,072                                                              
00721398,C4156607101,223564,201503,20150429,000000564637,000000000000,,  000,000,000,072                                                              
00722069,C4142347101,502513,201502,20150429,000000000000,000000073308,,  000,000,000,072                                                              
00722069,C4147898108,125990,201502,20150429,000000068167,000000000000,,  000,000,000,072                                                              
00722121,C3720587104,141965,201502,20150429,000004026549,000002190786,,  000,000,000,072                                                              
00722185,C4151946108,895515,201503,20150429,000000192030,000000000000,,  000,000,000,072                                                              
00722332,C4157086107,294884,201503,20150429,000000061713,000000000000,,  000,000,000,072                                                              
00724880,C4155963109,045406,201412,20150429,000000000049,000000000080,,  000,000,000,072                                                              
00724880,C4155963109,071337,201402,20150429,000000000537,000000000734,,  000,000,000,072                                                              
00724880,C4155963109,091659,201405,20150429,000000000525,000000000000,,  000,000,000,072                                                              
00724880,C4155963109,112203,201401,20150429,000000000593,000000000000,,  000,000,000,072                                                              
00724880,C4155963109,122911,201406,20150429,000000000317,000000000609,,  000,000,000,072                                                              
00724880,C4155963109,240649,201408,20150429,000000000052,000000000087,,  000,000,000,072                                                              
00724880,C4155963109,316449,201403,20150429,000000000532,000000000000,,  000,000,000,072                                                              
00724880,C4155963109,433055,201410,20150429,000000000051,000000000084,,  000,000,000,072                                                              
00724880,C4155963109,479121,201411,20150429,000000000044,000000000000,,  000,000,000,072                                                              
00724880,C4155963109,569098,201409,20150429,000000000046,000000000000,,  000,000,000,072                                                              
00724880,C4155963109,664875,201404,20150429,000000000506,000000000749,,  000,000,000,072                                                              
00724880,C4155963109,995490,201407,20150429,000000000053,000000000000,,  000,000,000,072                                                              
501     ,C4152741102,747971,201502,20150429,000000000000,000000000000,,  000,000,000,062                                                              
MM      ,C4150992103,288566,201502,20150429,000000000000,000000029516,,  000,000,000,030                                                              
