   00115,C4154162109,316231,201504,20150526,000000594765,000000414323,,  000,000,000,012                                                              
   00177,C3720619105,051994,201504,20150526,000000126149,000000000000,,  000,000,000,012                                                              
   00177,C3720619105,105679,201503,20150526,000000133096,000000000000,,  000,000,000,012                                                              
   00177,C4150560108,244503,201410,20150526,000000140779,000000000000,,  000,000,000,012                                                              
   03474,C4145298103,756618,201504,20150526,000001921665,000001084196,,  000,000,000,012                                                              
   03475,C4156180109,297035,201504,20150526,000000057279,000000028363,,  000,000,000,012                                                              
   04205,06060210108,487571,201504,20150526,000000000000,000008126678,,  000,000,000,012                                                              
   04205,C4114908104,303642,201504,20150526,000000353535,000000187351,,  000,000,000,012                                                              
   04205,C4149517102,566656,201504,20150526,000000411238,000000393987,,  000,000,000,012                                                              
   04205,C4151596101,806692,201504,20150526,000000211661,000000292799,,  000,000,000,012                                                              
   04205,C4155950106,563514,201504,20150526,000000570408,000000505739,,  000,000,000,012                                                              
   04205,C4156446104,617001,201504,20150526,000000180980,000000506703,,  000,000,000,012                                                              
   04205,C4157953108,133954,201504,20150526,000001712853,000000000000,,  000,000,000,012                                                              
   04205,C4157953108,837699,201504,20150526,000000000000,000000714738,,  000,000,000,012                                                              
00000197,C4154841108,584159,201504,20150526,000000171837,000000085089,,  000,000,000,002                                                              
00000326,06070569105,766273,201504,20150526,000000000000,000000000000,,  000,000,000,002                                                              
00000326,C3720613108,291496,201412,20150526,000000000000,000000038142,,  000,000,000,002                                                              
00000326,C4139425100,157249,201504,20150526,000000090972,000000094101,,  000,000,000,002                                                              
00004154,C4129880108,861549,201504,20150526,000000176727,000000095064,,  000,000,000,002                                                              
00004154,C4157224104,440381,201504,20150526,000000057279,000000028363,,  000,000,000,002                                                              
00005727,C4131329102,630363,201504,20150526,000000155006,000000152358,,  000,000,000,014                                                              
00006559,C4115104109,942939,201502,20150526,000000000000,000000564428,,  000,000,000,002                                                              
00006559,C4157145101,151185,201503,20150526,000000434202,000000000000,,  000,000,000,002                                                              
00006559,C4157145101,502874,201502,20150526,000000000000,000000233259,,  000,000,000,002                                                              
00007402,C4154544108,502754,201502,20150526,000000000000,000000295521,,  000,000,000,002                                                              
00007402,C4156015107,502816,201502,20150526,000000000000,000000082296,,  000,000,000,002                                                              
00010042,C4154504102,722195,201504,20150526,000000340002,000000162601,,  000,000,000,044                                                              
00010087,C3720131101,779136,201504,20150526,000001240285,000000000000,,  000,000,000,044                                                              
00100179,C4152996102,424664,201412,20150526,000000000000,000000193433,,  000,000,000,021                                                              
00100651,C4154958100,973552,201504,20150526,000000000000,000004964958,,  000,000,000,021                                                              
00100757,C4157200104,104611,201504,20150526,000000644053,000000689675,,  000,000,000,021                                                              
00100772,C4156757104,261879,201503,20150526,000000158215,000000000000,,  000,000,000,021                                                              
00101885,C3718560105,237953,201504,20150526,000000722432,000000414185,,  000,000,000,021                                                              
00103026,C3713558104,352516,201410,20150526,000000000000,000000074885,,  000,000,000,021                                                              
00103026,C3715259107,069099,201410,20150526,000000000000,000000120352,,  000,000,000,021                                                              
00103026,C3717994107,144858,201503,20150526,000000057787,000000000000,,  000,000,000,021                                                              
00103026,C3719256109,145018,201503,20150526,000000585566,000000000000,,  000,000,000,021                                                              
00103026,C3719256109,502253,201502,20150526,000000000000,000000324990,,  000,000,000,021                                                              
00103098,C4155524109,318870,201504,20150526,000000000000,000000000000,,  000,000,000,021                                                              
00103706,C4131916106,502422,201502,20150526,000000000000,000000028085,,  000,000,000,021                                                              
00103706,C4143587101,441227,201404,20150526,000000000000,000000037067,,  000,000,000,021                                                              
00720012,C4129691109,824439,201504,20150526,000000403629,000000000000,,  000,000,000,072                                                              
00720699,C4144988100,337622,201504,20150526,000000063205,000000040460,,  000,000,000,072                                                              
00722062,C4141713105,262321,201504,20150526,000000504626,000000394443,,  000,000,000,072                                                              
00722062,C4156158105,405494,201504,20150526,000000391500,000000212832,,  000,000,000,072                                                              
00722069,C4146186109,538765,201504,20150526,000000302260,000000174195,,  000,000,000,072                                                              
00722121,C3714043106,376065,201504,20150526,000000241403,000000132655,,  000,000,000,072                                                              
00724880,C4153773104,443199,201504,20150526,000001809510,000001911691,,  000,000,000,072                                                              
00728846,C4156355107,065045,201504,20150526,000000000000,000000000000,,  000,000,000,072                                                              
00728846,C4156355107,425255,201504,20150526,000001907802,000001930476,,  000,000,000,072                                                              
MM      ,C4150838108,623512,201408,20150526,000000000000,000002710015,,  000,000,000,030                                                              
