00010087,H5112226105,019798,201410,20141106,000000805971,000000731738,,  000,000,000,044                                                              
   00563,N8512560109,724377,201410,20141106,000000445421,000000365157,,  000,000,000,012                                                              
   00563,N8512888104,174862,201410,20141106,000000677306,000000496092,,  000,000,000,012                                                              
   04205,16011753106,154350,201410,20141106,000000823242,000000727095,,  000,000,000,012                                                              
   04205,C5914855106,454174,201410,20141106,000000936905,000000463507,,  000,000,000,012                                                              
   04205,C6021660108,654762,201410,20141106,000003190121,000001636592,,  000,000,000,012                                                              
   04205,C6021770105,302166,201406,20141106,000000000000,000001735320,,  000,000,000,012                                                              
   04205,C6211706109,124127,201410,20141106,000000478929,000000353877,,  000,000,000,012                                                              
   04205,C6212350105,932014,201409,20141106,000002738706,000000000000,,  000,000,000,012                                                              
   04205,C6745046105,659202,201410,20141106,000008708543,000011670785,,  000,000,000,012                                                              
   04205,C6746862104,213661,201410,20141106,000002002778,000000922212,,  000,000,000,012                                                              
   04205,C6746862104,526863,201410,20141106,000001049592,000000654536,,  000,000,000,012                                                              
   04205,C6752090103,919323,201409,20141106,000003343970,000000000000,,  000,000,000,012                                                              
   04205,C6752090103,928031,201408,20141106,000004051391,000002627489,,  000,000,000,012                                                              
   04205,C6752282106,107735,201410,20141106,000000212914,000000189130,,  000,000,000,012                                                              
   04205,C7210512100,894965,201410,20141106,000001257775,000000712608,,  000,000,000,012                                                              
   04205,C7211150108,245201,201410,20141106,000003274969,000001991451,,  000,000,000,012                                                              
   04205,C7410088109,192329,200704,20141106,000000000000,000000000000,,  000,000,000,012                                                              
   04205,N9210641100,826988,201410,20141106,000000116236,000000038215,,  000,000,000,012                                                              
   06534,C6020266105,636114,201409,20141106,000000090862,000000000000,,  000,000,000,012                                                              
   06534,C6020266105,801357,201408,20141106,000000174975,000000066506,,  000,000,000,012                                                              
   06543,C6750989108,699241,201409,20141106,000000541150,000000000000,,  000,000,000,012                                                              
   06543,C6750989108,883057,201408,20141106,000000672213,000000309032,,  000,000,000,012                                                              
   06560,N8410136101,065743,201409,20141106,000000059109,000000000000,,  000,000,000,012                                                              
00000285,C6734594107,884136,201409,20141106,000000467411,000000000000,,  000,000,000,002                                                              
00000287,C5913587106,425712,201410,20141106,000000056804,000000028153,,  000,000,000,002                                                              
00000287,C6741698107,865780,201410,20141106,000000056731,000000028008,,  000,000,000,002                                                              
00000377,S4810525105,854804,201410,20141106,000000496707,000000403854,,  000,000,000,002                                                              
00000410,C6020871102,655254,201410,20141106,000000855235,000000587768,,  000,000,000,014                                                              
00000870,C6727306105,727043,201404,20141106,000000416660,000000279907,,  000,000,000,002                                                              
00000870,C6734443107,020500,201410,20141106,000000486407,000000370955,,  000,000,000,002                                                              
00000870,C6744499107,512519,201409,20141106,000000385767,000000000000,,  000,000,000,002                                                              
00000870,C6752295108,964916,201409,20141106,000000102552,000000000000,,  000,000,000,002                                                              
00004414,C6751903108,615272,201406,20141106,000000000000,000000000000,,  000,000,000,002                                                              
00005002,C6739303108,442711,201409,20141106,000000059388,000000000000,,  000,000,000,021                                                              
00007163,C6212231107,016058,201404,20141106,000000000000,000000000000,,  000,000,000,002                                                              
00007163,C6212231107,276451,201312,20141106,000000000000,000000000000,,  000,000,000,002                                                              
00007163,C6212231107,755322,201406,20141106,000000000000,000000000000,,  000,000,000,002                                                              
00007163,C6212231107,944744,201402,20141106,000000000000,000000000000,,  000,000,000,002                                                              
00007163,C6738698102,200020,200610,20141106,000000000000,000000000000,,  000,000,000,002                                                              
00007163,C6738698102,729591,200908,20141106,000000000000,000000000000,,  000,000,000,002                                                              
00007163,C6738698102,955161,200706,20141106,000000000000,000000000000,,  000,000,000,002                                                              
00100560,C6726214102,730846,201408,20141106,000000000000,000000027327,,  000,000,000,021                                                              
00722416,C6740526101,907827,201408,20141106,000000000000,000000006036,,  000,000,000,072                                                              
00722421,C7211179107,617179,201410,20141106,000000051650,000000024000,,  000,000,000,072                                                              
00722421,C7211530101,074454,201408,20141106,000000057445,000000027191,,  000,000,000,072                                                              
00722424,L4410401100,792762,201409,20141106,000000119982,000000000000,,  000,000,000,072                                                              
00722537,C6714481101,606426,201408,20141106,000001580526,000000000000,,  000,000,000,072                                                              
00728846,C6716288108,981895,201410,20141106,000002532448,000003242140,,  000,000,000,072                                                              
00728846,C6738864100,778438,200512,20141106,000000000000,000000000000,,  000,000,000,072                                                              
00728846,C6749001106,509071,201409,20141106,000000202221,000000000000,,  000,000,000,072                                                              
00728846,C6752789100,282478,201410,20141106,000004136127,000002809978,,  000,000,000,072                                                              
00728846,C6811907107,859184,201410,20141106,000002288319,000002375160,,  000,000,000,072                                                              
00728846,C7211103107,056343,201410,20141106,000000546377,000000606290,,  000,000,000,072                                                              
00728846,N8512863107,275734,201410,20141106,000000720324,000000000000,,  000,000,000,072                                                              
00728846,O2010641106,493721,201410,20141106,000000157686,000000071143,,  000,000,000,072                                                              
