   00585,C6751244107,889549,201410,20141124,000000224388,000000135867,,  000,000,000,012                                                              
   04205,C5914118109,527031,201410,20141124,000000822453,000000540536,,  000,000,000,012                                                              
   04205,C6023262101,266655,201410,20141124,000000403104,000000532364,,  000,000,000,012                                                              
   04205,C6023739108,290734,201410,20141124,000006245591,000003011031,,  000,000,000,012                                                              
   04205,C6023742102,802131,201410,20141124,000000400012,000000303423,,  000,000,000,012                                                              
   04205,C6711480106,420234,201410,20141124,000000905387,000000502951,,  000,000,000,012                                                              
   04205,C6715371103,720985,201409,20141124,000000552340,000000000000,,  000,000,000,012                                                              
   04205,C6721726100,657798,201410,20141124,000000000000,000000000000,,  000,000,000,012                                                              
   04205,C6749483106,436546,201410,20141124,000000329343,000000409738,,  000,000,000,012                                                              
   04205,C6751333108,885082,201410,20141124,000000000000,000000003947,,  000,000,000,012                                                              
   04205,C6752122104,068494,201410,20141124,000001780838,000001378601,,  000,000,000,012                                                              
   04205,C6752743107,464607,201410,20141124,000000418070,000000236436,,  000,000,000,012                                                              
   04205,C6910802100,322812,201410,20141124,000000690036,000000342982,,  000,000,000,012                                                              
   04205,C6911292103,556572,201410,20141124,000000000000,000002350801,,  000,000,000,012                                                              
   04205,C7211567103,642860,201410,20141124,000000069209,000000038711,,  000,000,000,012                                                              
   04205,H5112453105,450399,201410,20141124,000000460600,000000510226,,  000,000,000,012                                                              
   04205,N9110670100,235023,201410,20141124,000006203176,000000000000,,  000,000,000,012                                                              
   05003,C6748506105,035637,201410,20141124,000000061523,000000033173,,  000,000,000,012                                                              
   05024,C6022918109,724540,201410,20141124,000000864800,000000483160,,  000,000,000,012                                                              
   05024,C6023447108,941860,201410,20141124,000000118646,000000058454,,  000,000,000,012                                                              
   05290,O1010340107,015662,201410,20141124,000000662077,000000369493,,  000,000,000,012                                                              
   06536,C6749275106,041588,201410,20141124,000000208691,000000052986,,  000,000,000,012                                                              
   06539,C6012943109,479927,201410,20141124,000000203618,000000270971,,  000,000,000,012                                                              
   06560,N8410092106,569130,201410,20141124,000000068228,000000049770,,  000,000,000,012                                                              
00000092,C6752827108,481713,201410,20141124,000000256383,000000173959,,  000,000,000,002                                                              
00000131,C6750690102,092145,201410,20141124,000000528040,000000320340,,  000,000,000,002                                                              
00000131,C6752664105,169781,201410,20141124,000000059973,000000036403,,  000,000,000,002                                                              
00000153,O1510356108,904060,201410,20141124,000000058300,000000025460,,  000,000,000,014                                                              
00000329,C6022899101,819799,201410,20141124,000000833662,000000585540,,  000,000,000,014                                                              
00000537,C6717793106,330713,201410,20141124,000000000000,000000000000,,  000,000,000,002                                                              
00000537,C6717793106,522332,201408,20141124,000000000000,000000000000,,  000,000,000,002                                                              
00000537,C6751573109,433544,201410,20141124,000000082708,000000078333,,  000,000,000,002                                                              
00000799,C6212137106,379692,201410,20141124,000000070906,000000025801,,  000,000,000,002                                                              
00000799,C6213027108,935554,201410,20141124,000000523912,000000282014,,  000,000,000,002                                                              
00000870,C5910760102,678097,200612,20141124,000000000000,000000000000,,  000,000,000,002                                                              
00000870,C5910760102,696096,200702,20141124,000000000000,000000000000,,  000,000,000,002                                                              
00000870,C6750977103,748159,201408,20141124,000000000000,000000000000,,  000,000,000,002                                                              
00000870,C6750977103,862681,201410,20141124,000000000000,000000000000,,  000,000,000,002                                                              
00000870,C6751503106,264946,201409,20141124,000000369436,000000000000,,  000,000,000,002                                                              
00000870,C6751547103,028252,201410,20141124,000000305247,000000156823,,  000,000,000,002                                                              
00000870,N9210681106,164517,201410,20141124,000001676356,000000796284,,  000,000,000,002                                                              
00000870,N9210681106,687141,201409,20141124,000001265842,000000000000,,  000,000,000,002                                                              
00000981,C6023351102,064446,201410,20141124,000000276927,000000142590,,  000,000,000,014                                                              
00000981,C6753135105,565635,201410,20141124,000000675826,000000349146,,  000,000,000,014                                                              
00000981,C7411670137,523506,201409,20141124,000000619585,000000000000,,  000,000,000,014                                                              
00000981,C7411670137,591406,201410,20141124,000000629696,000000511955,,  000,000,000,014                                                              
00004149,C6724447100,910804,201409,20141124,000000259651,000000000000,,  000,000,000,002                                                              
00004149,C6742563102,050041,201410,20141124,000000315619,000000198442,,  000,000,000,002                                                              
00004265,C6019171100,166272,201410,20141124,000000112372,000000051602,,  000,000,000,002                                                              
00004265,C6020349109,410880,201312,20141124,000000000000,000000000000,,  000,000,000,002                                                              
00004265,C6020349109,417779,201308,20141124,000000000000,000000000000,,  000,000,000,002                                                              
00004265,C6020349109,466054,201310,20141124,000000000000,000000000000,,  000,000,000,002                                                              
00004265,H2511187103,300575,201410,20141124,000000161681,000000131615,,  000,000,000,002                                                              
00004469,C6745734106,625526,201410,20141124,000000025076,000000030452,,  000,000,000,002                                                              
00004469,C6752805104,090903,201410,20141124,000000000000,000000006369,,  000,000,000,002                                                              
00005002,C6023763108,396171,201410,20141124,000009446207,000007122262,,  000,000,000,021                                                              
00005003,C6716608107,452095,201410,20141124,000000243488,000000140956,,  000,000,000,021                                                              
00005003,C6721194101,443168,201410,20141124,000003218815,000002854595,,  000,000,000,021                                                              
00005181,O0610703102,925864,201410,20141124,000000295815,000000139448,,  000,000,000,014                                                              
00005190,O1510399108,959682,201410,20141124,000000062631,000000038711,,  000,000,000,014                                                              
00005193,C6750283106,808477,201410,20141124,000000069209,000000000000,,  000,000,000,014                                                              
00010087,N9210164103,171562,201410,20141124,000000987148,000000805848,,  000,000,000,044                                                              
00100072,C6910887101,543728,201410,20141124,000000164119,000000071410,,  000,000,000,021                                                              
00100094,C6748664102,429988,200905,20141124,000000109446,000000000000,,  000,000,000,021                                                              
00100560,C6740589109,518257,201410,20141124,000000115804,000000058743,,  000,000,000,021                                                              
00100560,C6740589109,798794,201409,20141124,000000113945,000000000000,,  000,000,000,021                                                              
00100560,C6746849101,937553,201410,20141124,000000066548,000000046452,,  000,000,000,021                                                              
00101150,C6744376107,114876,201110,20141124,000000000000,000000000000,,  000,000,000,021                                                              
00101150,C6744376107,344499,201204,20141124,000000000000,000000000000,,  000,000,000,021                                                              
00101150,C6744376107,383727,201212,20141124,000000000000,000000000000,,  000,000,000,021                                                              
00101150,C6744376107,485043,201108,20141124,000000000000,000000000000,,  000,000,000,021                                                              
00101150,C6744376107,584783,201102,20141124,000000000000,000000000000,,  000,000,000,021                                                              
00101150,C6744376107,722680,201302,20141124,000000000000,000000000000,,  000,000,000,021                                                              
00101150,C6744376107,883446,201304,20141124,000000000000,000000000000,,  000,000,000,021                                                              
00101952,C6744004105,447332,201410,20141124,000000024869,000000008958,,  000,000,000,021                                                              
00720280,C6751910103,417091,201410,20141124,000000116712,000000060542,,  000,000,000,072                                                              
00720714,C6750293105,665336,201410,20141124,000000719244,000000206560,,  000,000,000,072                                                              
00720714,C6751984108,643444,201410,20141124,000000060004,000000033292,,  000,000,000,072                                                              
00721349,C6022462108,845115,201410,20141124,000000055980,000000010662,,  000,000,000,072                                                              
00722414,C6021014108,889382,201306,20141124,000000000000,000000000000,,  000,000,000,072                                                              
00722414,C6750347109,411932,201410,20141124,000000326704,000000294948,,  000,000,000,072                                                              
00722414,C6812167107,724028,201410,20141124,000000140780,000000080920,,  000,000,000,072                                                              
00722414,O1110370103,781728,201410,20141124,000000199445,000000138972,,  000,000,000,072                                                              
00722414,O1110400108,784279,201410,20141124,000000129987,000000086766,,  000,000,000,072                                                              
00722414,O1110616109,657029,201410,20141124,000000129987,000000086766,,  000,000,000,072                                                              
00722415,H5112274105,155006,201410,20141124,000000000000,000000002116,,  000,000,000,072                                                              
00722416,C6213051108,649940,201204,20141124,000000000000,000000688135,,  000,000,000,072                                                              
00722423,C6744734107,800468,201410,20141124,000000147949,000000118705,,  000,000,000,072                                                              
00722424,H2511180108,926749,201409,20141124,000000234585,000000000000,,  000,000,000,072                                                              
00722445,C7411250104,302605,201410,20141124,000000177943,000000096487,,  000,000,000,072                                                              
00722537,H2510973107,735404,201410,20141124,000000177703,000000096003,,  000,000,000,072                                                              
00724880,C6020604107,666038,201410,20141124,000000000000,000000083163,,  000,000,000,072                                                              
00728846,C5915241108,137230,201410,20141124,000001124740,000001610572,,  000,000,000,072                                                              
00728846,C5915241108,184552,201410,20141124,000000875150,000000582115,,  000,000,000,072                                                              
00728846,C5915241108,615501,201410,20141124,000000000000,000000000000,,  000,000,000,072                                                              
00728846,C5915241108,700935,201410,20141124,000000000000,000000000000,,  000,000,000,072                                                              
00728846,C6811042103,306984,201410,20141124,000000536534,000000252464,,  000,000,000,072                                                              
00728846,C6811042103,526268,201410,20141124,000000000000,000000000000,,  000,000,000,072                                                              
02600404,C6019450108,034970,201410,20141124,000000910706,000000693905,,  000,000,000,021                                                              
MM      ,C6743365101,201367,201003,20141124,000000173890,000000000000,,  000,000,000,030                                                              
