   00177,C5914097105,137265,201003,20141127,000002559363,000000000000,,  000,000,000,012                                                              
   00177,C5914097105,866680,201004,20141127,000002471768,000000000000,,  000,000,000,012                                                              
   00177,C6748878108,680287,201410,20141127,000000000000,000000000000,,  000,000,000,012                                                              
   04205,C5914176107,689693,201408,20141127,000000000000,000000692694,,  000,000,000,012                                                              
   04205,C5914176107,725591,201410,20141127,000000000000,000000688226,,  000,000,000,012                                                              
   04205,C6710553101,797981,201410,20141127,000000000000,000001155574,,  000,000,000,012                                                              
   04205,C6733998101,892631,201408,20141127,000000000000,000000000000,,  000,000,000,012                                                              
   04205,C6745190101,090850,201008,20141127,000000000000,000000000000,,  000,000,000,012                                                              
   04205,C6745190101,461961,201010,20141127,000000000000,000000000000,,  000,000,000,012                                                              
   04205,C6751868103,029945,201410,20141127,000000293164,000000143647,,  000,000,000,012                                                              
   04205,C6751868103,078316,201409,20141127,000000288113,000000000000,,  000,000,000,012                                                              
   04205,C6752014103,358269,201408,20141127,000000492716,000000243277,,  000,000,000,012                                                              
   04205,C6752977101,031304,201410,20141127,000003062038,000001479754,,  000,000,000,012                                                              
   04205,C7211156105,017494,201409,20141127,000016807904,000000000000,,  000,000,000,012                                                              
   04205,N8513302105,670539,201410,20141127,000000193451,000000099400,,  000,000,000,012                                                              
   05125,C6749588102,377249,201310,20141127,000000083704,000000041205,,  000,000,000,012                                                              
   05125,C6749588102,912166,201312,20141127,000000000000,000000039794,,  000,000,000,012                                                              
   06539,C6720543100,310081,201409,20141127,000000055902,000000000000,,  000,000,000,012                                                              
   06539,C6720543100,455944,201410,20141127,000000056814,000000027225,,  000,000,000,012                                                              
   06542,C6750295100,841361,201410,20141127,000001116506,000000509250,,  000,000,000,012                                                              
00000266,C6753166100,207603,201410,20141127,000000552371,000000403851,,  000,000,000,002                                                              
00000285,C6735305107,879935,201410,20141127,000000491244,000000377036,,  000,000,000,002                                                              
00000537,C6725302106,676048,201410,20141127,000000193235,000000000000,,  000,000,000,002                                                              
00000537,C6725302106,776847,201410,20141127,000000000000,000000123878,,  000,000,000,002                                                              
00000870,C6727306105,945165,201410,20141127,000000000000,000000000000,,  000,000,000,002                                                              
00000870,C6736718100,307980,201402,20141127,000000000000,000000000000,,  000,000,000,002                                                              
00000870,C6736718100,724697,201406,20141127,000000000000,000000000000,,  000,000,000,002                                                              
00000870,C6736718100,825490,201408,20141127,000000000000,000000000000,,  000,000,000,002                                                              
00000870,C6741665106,460354,201410,20141127,000001813205,000001228640,,  000,000,000,002                                                              
00000870,C6748999102,165352,201409,20141127,000004624343,000000000000,,  000,000,000,002                                                              
00000981,C7410632104,367988,201409,20141127,000000269115,000000000000,,  000,000,000,014                                                              
00004414,C6724724102,120495,201409,20141127,000000054094,000000000000,,  000,000,000,002                                                              
00004414,O0410132106,946448,201410,20141127,000000326007,000000210471,,  000,000,000,002                                                              
00004469,C5911381106,721752,201409,20141127,000000142418,000000000000,,  000,000,000,002                                                              
00005002,C6022585106,289563,201112,20141127,000000000000,000000000000,,  000,000,000,021                                                              
00005002,C6726931101,760723,200908,20141127,000000000000,000000000000,,  000,000,000,021                                                              
00005002,C6726931101,760723,201006,20141127,000000000000,000000000000,,  000,000,000,021                                                              
00005002,C6726931101,760723,201008,20141127,000000000000,000000000000,,  000,000,000,021                                                              
00005002,C6726931101,760723,201106,20141127,000000000000,000000000000,,  000,000,000,021                                                              
00005002,C6726931101,760723,201108,20141127,000000000000,000000000000,,  000,000,000,021                                                              
00005002,C6726931101,760723,201110,20141127,000000000000,000000000000,,  000,000,000,021                                                              
00005002,C6726931101,760723,201112,20141127,000000000000,000000000000,,  000,000,000,021                                                              
00005002,C6726931101,760723,201202,20141127,000000000000,000000000000,,  000,000,000,021                                                              
00005002,C6726931101,760723,201204,20141127,000000000000,000000000000,,  000,000,000,021                                                              
00005002,C6726931101,760723,201206,20141127,000000000000,000000000000,,  000,000,000,021                                                              
00005002,C6736993109,289563,200512,20141127,000000000000,000000000000,,  000,000,000,021                                                              
00005002,C6736993109,289563,200602,20141127,000000000000,000000000000,,  000,000,000,021                                                              
00005002,C6739303108,878470,201006,20141127,000000000000,000000016136,,  000,000,000,021                                                              
00005002,C6743278106,486885,201410,20141127,000004026147,000002669595,,  000,000,000,021                                                              
00005003,C6018483100,694592,201410,20141127,000000114816,000000056774,,  000,000,000,021                                                              
00005003,C6751354104,300610,201410,20141127,000001686272,000001184958,,  000,000,000,021                                                              
00005003,C6752753106,616813,201409,20141127,000000444910,000000000000,,  000,000,000,021                                                              
00005193,C6750283106,900753,201410,20141127,000000000000,000000038711,,  000,000,000,014                                                              
00010087,C6726189106,873313,201410,20141127,000000082213,000000077401,,  000,000,000,044                                                              
00100083,C6732006104,909873,201004,20141127,000000000000,000000043034,,  000,000,000,021                                                              
00100637,C6752926108,787167,201410,20141127,000000289236,000000108392,,  000,000,000,021                                                              
00101998,C6911347105,185784,201410,20141127,000000455604,000000227143,,  000,000,000,021                                                              
00101998,C6911347105,233664,201409,20141127,000000459321,000000000000,,  000,000,000,021                                                              
00101998,C6911347105,381828,201406,20141127,000000060187,000000027724,,  000,000,000,021                                                              
00101998,H2511616101,605308,201409,20141127,000000112982,000000000000,,  000,000,000,021                                                              
00103027,C6752301104,190423,201407,20141127,000000079439,000000000000,,  000,000,000,021                                                              
00103027,C6752301104,337187,201406,20141127,000000077926,000000000000,,  000,000,000,021                                                              
00103027,C6752901101,113653,201409,20141127,000000148960,000000000000,,  000,000,000,021                                                              
00103027,C6752901101,135892,201410,20141127,000000151389,000000060464,,  000,000,000,021                                                              
00380001,C6211915106,358146,201409,20141127,000000272309,000000000000,,  000,000,000,044                                                              
00380002,C6752577109,965236,201404,20140507,000000736870,000000319237,,  000,000,000,044                                                              
00720713,16011680101,459007,201410,20141127,000000062163,000000037790,,  000,000,000,072                                                              
00721998,C6751741102,290459,201410,20141127,000000157296,000000088393,,  000,000,000,072                                                              
00722402,C6750445101,462687,201210,20141127,000000000000,000000000000,,  000,000,000,072                                                              
00722408,C6751686109,784721,201410,20141127,000000626178,000000325164,,  000,000,000,072                                                              
00722418,H5112070107,020867,201406,20141127,000000000000,000000174058,,  000,000,000,072                                                              
00722424,L4510716100,312261,201410,20141127,000000631346,000000321212,,  000,000,000,072                                                              
00722537,C6745769102,403633,201410,20141127,000000058673,000000029032,,  000,000,000,072                                                              
00722537,C6745776107,410199,201410,20141127,000000000000,000000000000,,  000,000,000,072                                                              
00722537,C6752672108,393087,201410,20141127,000000080976,000000036618,,  000,000,000,072                                                              
00722537,O2010645107,773246,201410,20141127,000000083002,000000041612,,  000,000,000,072                                                              
00727674,C6748161109,440701,201409,20141127,000000013283,000000000000,,  000,000,000,072                                                              
00728846,16011047103,175519,201409,20141127,000000000103,000000000000,,  000,000,000,072                                                              
00728846,C5914909101,131634,201410,20141127,000012215298,000012788918,,  000,000,000,072                                                              
00728846,C6018581101,387993,201410,20141127,000000213915,000000125433,,  000,000,000,072                                                              
00728846,C6021224103,741477,201410,20141127,000000072444,000000027225,,  000,000,000,072                                                              
00728846,C6022525102,363324,201410,20141127,000000260707,000000170530,,  000,000,000,072                                                              
00728846,C6719396106,520713,201410,20141127,000000244332,000000142624,,  000,000,000,072                                                              
MM      ,C6021687101,642904,201410,20141127,000000175170,000000077403,,  000,000,000,030                                                              
MM      ,C6743365101,373251,201410,20141127,000000000000,000000000000,,  000,000,000,030                                                              
