   00693,O1210081105,284680,201410,20141125,000000057160,000000028746,,  000,000,000,012                                                              
   04205,C5914811109,193646,201410,20141125,000000466626,000000333347,,  000,000,000,012                                                              
   04205,C6017907109,170388,200604,20141125,000000000000,000000000000,,  000,000,000,012                                                              
   04205,C6017907109,269750,200706,20141125,000000000000,000000000000,,  000,000,000,012                                                              
   04205,C6019061103,359916,201409,20141125,000020507009,000000000000,,  000,000,000,012                                                              
   04205,C6020254101,480725,201410,20141125,000000811657,000000789790,,  000,000,000,012                                                              
   04205,C6023536108,942130,201410,20141125,000000580934,000000000000,,  000,000,000,012                                                              
   04205,C6211732105,584526,201409,20141125,000001817423,000000000000,,  000,000,000,012                                                              
   04205,C6731365105,946728,201410,20141125,000000000000,000000000000,,  000,000,000,012                                                              
   04205,C6738328106,118047,201302,20141125,000000000000,000000000000,,  000,000,000,012                                                              
   04205,C6738328106,209774,201212,20141125,000000000000,000000000000,,  000,000,000,012                                                              
   04205,C6738328106,389370,201210,20141125,000000000000,000000000000,,  000,000,000,012                                                              
   04205,C6738328106,727103,201112,20141125,000000000000,000000000000,,  000,000,000,012                                                              
   04205,C6740044105,758979,201409,20141125,000000663726,000000000000,,  000,000,000,012                                                              
   04205,C6744165104,118614,201410,20141125,000000076275,000000049161,,  000,000,000,012                                                              
   04205,C6746253106,475979,201410,20141125,000000313930,000000446726,,  000,000,000,012                                                              
   04205,C6747956103,883260,201410,20141125,000001922825,000001005003,,  000,000,000,012                                                              
   04205,C6752171101,607643,201410,20141125,000001317809,000000825588,,  000,000,000,012                                                              
   04205,N8410481101,861274,201002,20141125,000000030366,000000007614,,  000,000,000,012                                                              
   04205,N8513211108,256218,201411,20141125,000001420278,000000000000,,  000,000,000,012                                                              
   04205,N8513211108,865230,201410,20141125,000001406535,000001781305,,  000,000,000,012                                                              
   04205,N9110670100,665748,201410,20141125,000000000000,000003404400,,  000,000,000,012                                                              
   06539,C6021235109,660870,201410,20141125,000000152907,000000096476,,  000,000,000,012                                                              
   06542,H5112910104,466447,201403,20141125,000000083649,000000000000,,  000,000,000,012                                                              
   06542,H5112910104,738491,201309,20141125,000000087034,000000000000,,  000,000,000,012                                                              
   06560,N8411262104,757697,201409,20141125,000000056491,000000000000,,  000,000,000,012                                                              
   06560,N8411268101,392620,201410,20141125,000000122932,000000061936,,  000,000,000,012                                                              
00000157,H2510527101,623039,201410,20141125,000000076233,000000030687,,  000,000,000,014                                                              
00000167,C6213113106,031918,201112,20141125,000000000000,000000000000,,  000,000,000,014                                                              
00000167,C6213113106,293617,201110,20141125,000000000000,000000000000,,  000,000,000,014                                                              
00000167,C6213132106,270790,201208,20141125,000000000000,000000000000,,  000,000,000,014                                                              
00000167,C6213132106,285499,201112,20141125,000000000000,000000000000,,  000,000,000,014                                                              
00000167,C6213132106,446936,201204,20141125,000000000000,000000000000,,  000,000,000,014                                                              
00000167,C6213132106,732540,201206,20141125,000000000000,000000000000,,  000,000,000,014                                                              
00000167,C6213132106,822918,201202,20141125,000000000000,000000000000,,  000,000,000,014                                                              
00000167,C6752657109,051232,201304,20141125,000000000000,000000000000,,  000,000,000,014                                                              
00000167,C6752657109,364012,201212,20141125,000000000000,000000000000,,  000,000,000,014                                                              
00000167,C6752657109,576745,201302,20141125,000000000000,000000000000,,  000,000,000,014                                                              
00000167,C6752657109,775803,201210,20141125,000000000000,000000000000,,  000,000,000,014                                                              
00000520,C6738808107,788174,201410,20141125,000000128783,000000076646,,  000,000,000,002                                                              
00000537,C6021468106,211281,201210,20141125,000000000000,000000000000,,  000,000,000,002                                                              
00000870,C5912045106,978705,201410,20141125,000000000000,000000000000,,  000,000,000,002                                                              
00000870,C6020620103,247780,201410,20141125,000000681322,000000519220,,  000,000,000,002                                                              
00000870,C6022680105,663490,201410,20141125,000000407156,000000000000,,  000,000,000,002                                                              
00000870,C6726449104,695984,201410,20141125,000000000000,000000000000,,  000,000,000,002                                                              
00000870,C6750238100,287010,201410,20141125,000000948296,000000766572,,  000,000,000,002                                                              
00000870,C6751503106,052167,201410,20141125,000000621330,000000378734,,  000,000,000,002                                                              
00000870,C6752298102,384880,201408,20141125,000000394898,000000332290,,  000,000,000,002                                                              
00000870,C6752696107,440522,201404,20141125,000000000000,000000000000,,  000,000,000,002                                                              
00000870,C6752696107,678557,201406,20141125,000000000000,000000000000,,  000,000,000,002                                                              
00000870,C6752696107,808877,201402,20141125,000000000000,000000000000,,  000,000,000,002                                                              
00000870,C6752696107,861157,201312,20141125,000000000000,000000000000,,  000,000,000,002                                                              
00000870,C6752696107,882575,201306,20141125,000000000000,000000000000,,  000,000,000,002                                                              
00000870,C6752696107,945858,201308,20141125,000000000000,000000000000,,  000,000,000,002                                                              
00000870,C6752696107,987218,201310,20141125,000000000000,000000000000,,  000,000,000,002                                                              
00000870,S3910578105,706768,201306,20141125,000000000000,000000056615,,  000,000,000,002                                                              
00000981,C6023473104,782417,201409,20141125,000000570536,000000000000,,  000,000,000,014                                                              
00002208,C6023725107,904365,201410,20141125,000000030128,000000010661,,  000,000,000,014                                                              
00004149,C6738269102,999783,201410,20141125,000000790444,000000475410,,  000,000,000,002                                                              
00004199,C5911750102,285299,201410,20141125,000000000000,000002443492,,  000,000,000,002                                                              
00004577,C6020723105,632183,201410,20141125,000000000000,000000000000,,  000,000,000,002                                                              
00005002,C5914662106,428265,201410,20141125,000000000000,000000000000,,  000,000,000,021                                                              
00005003,C6739590100,230339,201410,20141125,000000191564,000000123389,,  000,000,000,021                                                              
00005003,C6745030109,281485,200606,20141125,000000000000,000000000000,,  000,000,000,021                                                              
00005003,L4510017137,069882,201409,20141125,000003358021,000000000000,,  000,000,000,021                                                              
00005181,C7411669105,010582,201406,20141125,000000057730,000000027394,,  000,000,000,014                                                              
00005181,C7411669105,871548,201408,20141125,000000058008,000000027076,,  000,000,000,014                                                              
00007163,C6023476107,331978,201410,20141125,000000770179,000000325785,,  000,000,000,002                                                              
00100094,C6749427103,932761,201408,20141125,000000469937,000000183667,,  000,000,000,021                                                              
00100094,C6752669104,748222,201410,20141125,000000062752,000000031555,,  000,000,000,021                                                              
00100647,C6750545108,000006,201107,20141125,000000026379,000000000000,,  000,000,000,021                                                              
00100647,C6750545108,096607,201110,20141125,000000004450,000000004616,,  000,000,000,021                                                              
00100647,C6750545108,160330,201103,20141125,000000055453,000000000000,,  000,000,000,021                                                              
00100647,C6750545108,207664,201106,20141125,000000044182,000000070272,,  000,000,000,021                                                              
00100647,C6750545108,272147,201109,20141125,000000004368,000000000000,,  000,000,000,021                                                              
00100647,C6750545108,536057,201111,20141125,000000123768,000000000000,,  000,000,000,021                                                              
00100647,C6750545108,688380,201108,20141125,000000029021,000000035580,,  000,000,000,021                                                              
00100647,C6750545108,703808,201105,20141125,000000080855,000000000000,,  000,000,000,021                                                              
00100647,C6750545108,788448,201104,20141125,000000058851,000000066862,,  000,000,000,021                                                              
00100647,C6750545108,968423,201112,20141125,000000126233,000000133514,,  000,000,000,021                                                              
00101150,C6746261109,234459,201410,20141125,000000207381,000000092904,,  000,000,000,021                                                              
00101177,H5112572102,622213,201410,20141125,000000432279,000000340196,,  000,000,000,021                                                              
00101607,N9110575101,416176,201409,20141125,000000072706,000000000000,,  000,000,000,021                                                              
00101903,C6021825107,627021,201410,20141125,000000469617,000000183365,,  000,000,000,021                                                              
00103027,C6745266109,046658,201409,20141125,000002229634,000000000000,,  000,000,000,021                                                              
00103819,N8910560107,114403,201406,20141125,000000212839,000000122556,,  000,000,000,021                                                              
00103819,N8910560107,998043,201407,20141125,000000216975,000000000000,,  000,000,000,021                                                              
00720713,C6736418107,278969,201409,20141125,000000119073,000000000000,,  000,000,000,072                                                              
00720713,O1110491107,572059,201410,20141125,000001034358,000000843485,,  000,000,000,072                                                              
00721348,C6738627101,464315,201409,20141125,000000321265,000000000000,,  000,000,000,072                                                              
00722374,C6014396108,468518,201410,20141125,000000393463,000000169438,,  000,000,000,072                                                              
00722402,C6751407100,331703,201410,20141125,000000071474,000000030968,,  000,000,000,072                                                              
00722409,C6750627104,352475,201410,20141125,000000232732,000000226938,,  000,000,000,072                                                              
00722414,C6745745102,387535,201410,20141125,000000073877,000000060930,,  000,000,000,072                                                              
00722416,C6213051108,075234,201206,20141125,000000000000,000000646812,,  000,000,000,072                                                              
00722416,C6752265101,911430,201407,20141125,000000124255,000000000000,,  000,000,000,072                                                              
00722418,H5111749107,743328,201410,20141125,000000000000,000000000000,,  000,000,000,072                                                              
00722418,N8410242107,907874,201409,20141125,000000113651,000000000000,,  000,000,000,072                                                              
00722424,H2510327106,123283,201410,20141125,000000137565,000000113064,,  000,000,000,072                                                              
00722424,H2510998104,529507,201410,20141125,000000063375,000000046452,,  000,000,000,072                                                              
00722424,O1210457107,391476,201410,20141125,000000060477,000000025797,,  000,000,000,072                                                              
00722430,C6752066103,024451,201410,20141125,000000000000,000000182993,,  000,000,000,072                                                              
00722445,O1510305139,195508,201110,20141125,000000000000,000000000000,,  000,000,000,072                                                              
00722445,O1510305139,344342,201104,20141125,000000000000,000000000000,,  000,000,000,072                                                              
00722445,O1510305139,541359,201012,20141125,000000000000,000000000000,,  000,000,000,072                                                              
00722445,O1510305139,556907,201408,20141125,000000000000,000000000000,,  000,000,000,072                                                              
00722445,O1510305139,734701,201106,20141125,000000000000,000000000000,,  000,000,000,072                                                              
00722537,C6750300108,017967,201410,20141125,000000070137,000000032370,,  000,000,000,072                                                              
00724880,C6020604107,074043,201410,20141125,000000158480,000000000000,,  000,000,000,072                                                              
00728846,16011047103,960476,201409,20141125,000000243826,000000000000,,  000,000,000,072                                                              
00728846,C6736014104,237057,201410,20141125,000000461701,000000163716,,  000,000,000,072                                                              
00728846,C6742052106,531964,201410,20141125,000000542482,000000172279,,  000,000,000,072                                                              
00728846,C6750706106,625082,201410,20141125,000000192091,000000093161,,  000,000,000,072                                                              
00728846,C6752807100,289848,201410,20141125,000000280885,000000298728,,  000,000,000,072                                                              
00728846,C7211148102,372291,201410,20141125,000000147940,000000061918,,  000,000,000,072                                                              
MM      ,C6741699105,130398,201410,20141125,000000231552,000000117376,,  000,000,000,030                                                              
MM      ,C6747867102,791801,201410,20141125,000000060913,000000030038,,  000,000,000,030                                                              
