   00112,C6734071106,256894,200704,20141121,000000000000,000000234155,,  000,000,000,012                                                              
   00112,C6734071106,259999,200706,20141121,000000000000,000000305523,,  000,000,000,012                                                              
   00177,16010484109,248648,199802,20141121,000000000000,000001452560,,  000,000,000,012                                                              
   00177,16010484109,387995,200010,20141121,000000000000,000000314044,,  000,000,000,012                                                              
   00177,C5914804104,045235,201410,20141121,000001450744,000001351936,,  000,000,000,012                                                              
   00177,C6749736107,340069,201003,20141121,000000929966,000000000000,,  000,000,000,012                                                              
   00177,C6749736107,563972,201004,20141121,000000896656,000000000000,,  000,000,000,012                                                              
   04205,C5914635102,988332,201410,20141121,000000106335,000000166647,,  000,000,000,012                                                              
   04205,C5915350107,181007,201410,20141121,000007827280,000003351420,,  000,000,000,012                                                              
   04205,C6010264102,920463,201410,20141121,000000000000,000002695227,,  000,000,000,012                                                              
   04205,C6212824109,443611,201410,20141121,000001172051,000000532632,,  000,000,000,012                                                              
   04205,C6742890109,318397,201410,20141121,000000565930,000000257701,,  000,000,000,012                                                              
   04205,C6744995104,581982,201410,20141121,000000000000,000000504390,,  000,000,000,012                                                              
   04205,C6747317108,147987,201408,20141121,000000470660,000000536101,,  000,000,000,012                                                              
   04205,C6747317108,363304,201410,20141121,000000455861,000000510866,,  000,000,000,012                                                              
   04205,C6747317108,450523,201409,20141121,000000448540,000000000000,,  000,000,000,012                                                              
   04205,C6748041103,628872,201406,20141121,000000000000,000000000000,,  000,000,000,012                                                              
   04205,C6750491105,220257,201410,20141121,000000118977,000000057051,,  000,000,000,012                                                              
   04205,C6751333108,102272,201410,20141121,000000000000,000000636178,,  000,000,000,012                                                              
   04205,C6751333108,907216,201410,20141121,000000000000,000000407875,,  000,000,000,012                                                              
   04205,C6751861108,051933,201410,20141121,000001557185,000000973702,,  000,000,000,012                                                              
   04205,C6752432107,391975,201410,20141121,000000059806,000000032904,,  000,000,000,012                                                              
   04205,C6812151101,650230,201410,20141121,000000519501,000000218409,,  000,000,000,012                                                              
   04205,C6911318106,376671,201410,20141121,000014161580,000012853582,,  000,000,000,012                                                              
   04205,C6911484106,865414,201409,20141121,000000059915,000000000000,,  000,000,000,012                                                              
   04205,L4510723106,251274,201410,20141121,000000000000,000000064740,,  000,000,000,012                                                              
   04411,C5915275106,599433,201410,20141121,000006632853,000005538831,,  000,000,000,012                                                              
   04677,C6751233100,010872,201410,20141121,000003943840,000000000000,,  000,000,000,012                                                              
   05070,16011612104,420012,201402,20141121,000000000000,000000000000,,  000,000,000,012                                                              
   05070,16011612104,591024,200910,20141121,000000000000,000000000000,,  000,000,000,012                                                              
   05070,C6717712106,333340,201410,20141121,000000376699,000000234094,,  000,000,000,012                                                              
   05070,C6723997105,286552,201410,20141121,000000309279,000000255011,,  000,000,000,012                                                              
   05070,C6748104109,237739,201410,20141121,000000191129,000000122534,,  000,000,000,012                                                              
   05125,C5914719104,987408,201410,20141121,000000224700,000000113900,,  000,000,000,012                                                              
   06534,C6020599109,711814,201410,20141121,000000157138,000000140402,,  000,000,000,012                                                              
   06534,C6742135109,653572,201410,20141121,000000362177,000000278942,,  000,000,000,012                                                              
   06542,C6812086109,100182,201410,20141121,000000756696,000000242488,,  000,000,000,012                                                              
00000100,16010295109,937597,201410,20141121,000001746770,000001427698,,  000,000,000,014                                                              
00000103,C6746045106,726482,201410,20141121,000000000000,000000000000,,  000,000,000,014                                                              
00000839,C6023023107,251976,201410,20141121,000000197271,000000100164,,  000,000,000,002                                                              
00000870,C6023223103,755245,201410,20141121,000011042469,000007580986,,  000,000,000,002                                                              
00000870,C6211791101,489849,201410,20141121,000001340526,000000725097,,  000,000,000,002                                                              
00000870,C6745090103,928792,201410,20141121,000006853417,000005192791,,  000,000,000,002                                                              
00000870,C6746668105,249600,201410,20141121,000014637189,000011179049,,  000,000,000,002                                                              
00000870,C6750026109,208061,201410,20141121,000011865076,000008594407,,  000,000,000,002                                                              
00000870,C6751082101,435299,201410,20141121,000000000000,000000478024,,  000,000,000,002                                                              
00000870,C6752298102,435066,201409,20141121,000000376337,000000000000,,  000,000,000,002                                                              
00000870,C6752298102,865133,201410,20141121,000000382480,000000316649,,  000,000,000,002                                                              
00000870,C6752983109,603645,201410,20141121,000002042828,000002408335,,  000,000,000,002                                                              
00000870,C6811633109,645591,201410,20141121,000000194245,000000128691,,  000,000,000,002                                                              
00000870,C7410659107,420173,201410,20141121,000000402332,000000199701,,  000,000,000,002                                                              
00000870,H2510070102,106009,201410,20141121,000007361864,000000000000,,  000,000,000,002                                                              
00000870,H2510070102,310942,201410,20141121,000000000000,000006384878,,  000,000,000,002                                                              
00000981,C6022791100,613149,201410,20141121,000000255933,000000242765,,  000,000,000,014                                                              
00000981,C6743676101,281460,201410,20141121,000001413191,000001117971,,  000,000,000,014                                                              
00000981,C6751650105,761068,201410,20141121,000000536834,000000315905,,  000,000,000,014                                                              
00000981,C6751650105,836265,201409,20141121,000000693777,000000000000,,  000,000,000,014                                                              
00000981,L9810505103,171989,201410,20141121,000009484952,000007923217,,  000,000,000,014                                                              
00000981,N8710487105,199943,201410,20141121,000003884937,000003098219,,  000,000,000,014                                                              
00001102,H5110512100,888511,201410,20141121,000000123878,000000074695,,  000,000,000,014                                                              
00001831,C5915080100,846772,201410,20141121,000001213752,000000913260,,  000,000,000,014                                                              
00004414,C6748518100,935722,201410,20141121,000000056095,000000025801,,  000,000,000,002                                                              
00004469,C6750663109,634315,201410,20141121,000002573491,000001145897,,  000,000,000,002                                                              
00005003,C6747532102,453651,201410,20141121,000002729562,000001808624,,  000,000,000,021                                                              
00005003,C6751354104,513801,201410,20141121,000000000000,000000000000,,  000,000,000,021                                                              
00005181,C7410783105,411384,201410,20141121,000000058711,000000030968,,  000,000,000,014                                                              
00005190,O1510236102,973104,201410,20141121,000000112190,000000051602,,  000,000,000,014                                                              
00005196,C6747737107,704460,201410,20141121,000000545549,000000397627,,  000,000,000,014                                                              
00007163,C6022754108,378547,201410,20141121,000000229094,000000110310,,  000,000,000,002                                                              
00100080,H2510161109,736259,201410,20141121,000000000000,000000212329,,  000,000,000,021                                                              
00100080,H2511668102,258201,201410,20141121,000000057977,000000025575,,  000,000,000,021                                                              
00100080,L4510708107,472119,201410,20141121,000000116370,000000054196,,  000,000,000,021                                                              
00100083,C6752244106,845906,201406,20141121,000000002340,000000005194,,  000,000,000,021                                                              
00100083,H5112520101,756863,201408,20141121,000000000000,000000000000,,  000,000,000,021                                                              
00100084,C6751374102,949454,201410,20141121,000000058711,000000030968,,  000,000,000,021                                                              
00100560,C6723853100,936330,201410,20141121,000000298116,000000163859,,  000,000,000,021                                                              
00100560,C6749653104,026589,201410,20141121,000000113701,000000054592,,  000,000,000,021                                                              
00101177,H5113012108,410641,201410,20141121,000000191019,000000081294,,  000,000,000,021                                                              
00101903,C6212836103,333493,200810,20141121,000000000000,000000000000,,  000,000,000,021                                                              
00101903,C6212836103,708135,200808,20141121,000000000000,000000000000,,  000,000,000,021                                                              
00101903,C6212836103,770988,200812,20141121,000000000000,000000000000,,  000,000,000,021                                                              
00101903,C6212836103,918595,200902,20141121,000000000000,000000000000,,  000,000,000,021                                                              
00101903,C6212836103,928600,200806,20141121,000000000000,000000000000,,  000,000,000,021                                                              
00101915,C6911411109,111122,201410,20141121,000000211858,000000116440,,  000,000,000,021                                                              
00101998,C6212996105,089897,201410,20141121,000000391846,000000124905,,  000,000,000,021                                                              
00720675,O0610290100,638603,201410,20141121,000000062037,000000037542,,  000,000,000,072                                                              
00720682,C5913304106,880103,201410,20141121,000000096742,000000097511,,  000,000,000,072                                                              
00720713,16010789101,182274,201410,20141121,000000107524,000000059139,,  000,000,000,072                                                              
00720713,C6752579105,570076,201410,20141121,000000524458,000000193081,,  000,000,000,072                                                              
00720714,O1110470101,414573,201410,20141121,000000057370,000000028322,,  000,000,000,072                                                              
00722414,C6742395109,468223,201410,20141121,000000089011,000000051778,,  000,000,000,072                                                              
00722416,C6740654101,144875,201410,20141121,000000112190,000000051602,,  000,000,000,072                                                              
00722416,C6742133104,923820,201410,20141121,000000195559,000000131289,,  000,000,000,072                                                              
00722424,H2511662105,963996,201410,20141121,000000000000,000000149035,,  000,000,000,072                                                              
00722430,C6752049109,676704,201410,20141121,000000060293,000000030968,,  000,000,000,072                                                              
00722431,N9410072106,697853,201410,20141121,000000416619,000000221936,,  000,000,000,072                                                              
00722537,C6751842108,716392,201410,20141121,000001138822,000000439420,,  000,000,000,072                                                              
00728846,C5911284102,008965,201409,20141121,000036302469,000000000000,,  000,000,000,072                                                              
00728846,C6749095108,446815,201410,20141121,000000227409,000000199898,,  000,000,000,072                                                              
00728846,C6751653109,306633,201410,20141121,000000820951,000000574780,,  000,000,000,072                                                              
00728846,N9110808106,053291,201410,20141121,000000160193,000000133021,,  000,000,000,072                                                              
00728846,N9310509108,600624,201410,20141121,000005196440,000004887891,,  000,000,000,072                                                              
00728846,O2010627105,346626,201410,20141121,000000389260,000000174195,,  000,000,000,072                                                              
00728846,O2010629101,321148,201410,20141121,000000489065,000000231016,,  000,000,000,072                                                              
501     ,C6744006100,814022,201409,20141121,000001451230,000000000000,,  000,000,000,062                                                              
501     ,C6744265102,662657,201409,20141121,000000723445,000000000000,,  000,000,000,062                                                              
admin   ,C6020962109,950832,201410,20141121,000000208786,000000225765,,  000,000,000,030                                                              
