   00693,O1210075107,987815,201410,20141107,000000820681,000001048608,,  000,000,000,012                                                              
   04205,C6022738101,074867,201410,20141107,000000123860,000000076556,,  000,000,000,012                                                              
   04205,C6023241105,763439,201410,20141107,000002749301,000001256890,,  000,000,000,012                                                              
   04205,C6744995104,101402,201409,20141107,000000425306,000000000000,,  000,000,000,012                                                              
   04205,C6744995104,151517,201409,20141107,000000257957,000000000000,,  000,000,000,012                                                              
   04205,C6752729106,614219,201408,20141107,000002344754,000001915736,,  000,000,000,012                                                              
   04205,C6753193104,112892,201404,20141107,000000000000,000000559091,,  000,000,000,012                                                              
   04205,C6911318106,234199,201409,20141107,000011250085,000000000000,,  000,000,000,012                                                              
   04205,N9110670100,115953,200708,20141107,000000000000,000000000000,,  000,000,000,012                                                              
   04205,N9110670100,117040,200908,20141107,000000000000,000000000000,,  000,000,000,012                                                              
   04205,N9110670100,170938,200904,20141107,000000000000,000000000000,,  000,000,000,012                                                              
   04205,N9110670100,193213,200604,20141107,000000000000,000000000000,,  000,000,000,012                                                              
   04205,N9110670100,237729,200508,20141107,000000000000,000000000000,,  000,000,000,012                                                              
   04205,N9110670100,351158,200510,20141107,000000000000,000000000000,,  000,000,000,012                                                              
   04205,N9110670100,378817,200906,20141107,000000000000,000000000000,,  000,000,000,012                                                              
   04205,N9110670100,462068,200712,20141107,000000000000,000000000000,,  000,000,000,012                                                              
   04205,N9110670100,696848,200710,20141107,000000000000,000000000000,,  000,000,000,012                                                              
   04205,N9110670100,754289,200902,20141107,000000000000,000000000000,,  000,000,000,012                                                              
   04205,N9110670100,804694,200602,20141107,000000000000,000000000000,,  000,000,000,012                                                              
   04205,N9110670100,839559,200512,20141107,000000000000,000000000000,,  000,000,000,012                                                              
   04205,N9110670100,959711,200612,20141107,000000000000,000000000000,,  000,000,000,012                                                              
   05070,C6018594104,064780,201409,20141107,000002409707,000000000000,,  000,000,000,012                                                              
   05070,C6018594104,482205,201408,20141107,000002758726,000001546503,,  000,000,000,012                                                              
   06536,C6746261109,901851,201409,20141107,000000200685,000000000000,,  000,000,000,012                                                              
   06536,C6746261109,964835,201408,20141107,000000088245,000000036062,,  000,000,000,012                                                              
00000092,H5111072104,252151,201204,20141107,000000000000,000000000000,,  000,000,000,002                                                              
00000100,C6747251109,077710,201210,20141107,000000000000,000000071109,,  000,000,000,014                                                              
00000100,C6747251109,239880,201208,20141107,000000000000,000000060964,,  000,000,000,014                                                              
00000102,C6752887102,239876,201410,20141107,000000443571,000000311785,,  000,000,000,014                                                              
00000153,C7110550101,616722,201410,20141107,000000533980,000000381819,,  000,000,000,014                                                              
00000153,O1810472100,703514,201410,20141107,000000125861,000000053517,,  000,000,000,014                                                              
00000870,C6022813102,849189,201410,20141107,000000984226,000000899528,,  000,000,000,002                                                              
00000870,C6740810109,226448,201410,20141107,000007233959,000009150224,,  000,000,000,002                                                              
00000870,C6746432106,139029,201409,20141107,000000058302,000000000000,,  000,000,000,002                                                              
00000870,C6746432106,525625,201408,20141107,000000005921,000000001644,,  000,000,000,002                                                              
00000870,C6748554105,653419,201410,20141107,000000133161,000000094929,,  000,000,000,002                                                              
00000981,C5915099100,439659,201410,20141107,000000119454,000000057283,,  000,000,000,014                                                              
00000981,C6715223106,942284,201004,20141107,000000249740,000000000000,,  000,000,000,014                                                              
00001831,C6726543104,367317,201409,20141107,000000011797,000000000000,,  000,000,000,014                                                              
00004577,C6110189100,070839,201408,20141107,000000000000,000000063935,,  000,000,000,002                                                              
00004577,C6110189100,620998,201406,20141107,000000000000,000000172083,,  000,000,000,002                                                              
00004577,C6810919103,870922,201410,20141107,000000769735,000000682921,,  000,000,000,002                                                              
00005002,N9110670100,178924,201202,20141107,000000000000,000000000000,,  000,000,000,021                                                              
00005002,N9110670100,194678,200912,20141107,000000000000,000000000000,,  000,000,000,021                                                              
00005002,N9110670100,270056,201108,20141107,000000000000,000000000000,,  000,000,000,021                                                              
00005002,N9110670100,346724,201104,20141107,000000000000,000000000000,,  000,000,000,021                                                              
00005002,N9110670100,376062,201112,20141107,000000000000,000000000000,,  000,000,000,021                                                              
00005002,N9110670100,456445,201010,20141107,000000000000,000000000000,,  000,000,000,021                                                              
00005002,N9110670100,536803,201012,20141107,000000000000,000000000000,,  000,000,000,021                                                              
00005002,N9110670100,724987,201006,20141107,000000000000,000000000000,,  000,000,000,021                                                              
00005002,N9110670100,775417,200910,20141107,000000000000,000000000000,,  000,000,000,021                                                              
00005002,N9110670100,862104,201402,20141107,000000000000,000000000000,,  000,000,000,021                                                              
00005002,N9110670100,901862,201002,20141107,000000000000,000000000000,,  000,000,000,021                                                              
00005002,N9110670100,905385,201004,20141107,000000000000,000000000000,,  000,000,000,021                                                              
00005002,N9110670100,949523,201102,20141107,000000000000,000000000000,,  000,000,000,021                                                              
00005002,N9110670100,964386,201008,20141107,000000000000,000000000000,,  000,000,000,021                                                              
00007163,C5915088103,465522,201410,20141107,000000478982,000000545653,,  000,000,000,002                                                              
00100049,O1510310105,139275,201406,20141107,000000061053,000000026910,,  000,000,000,021                                                              
00100049,O1510310105,661031,201408,20141107,000000061421,000000026628,,  000,000,000,021                                                              
00100049,O1510310105,664162,201410,20141107,000000059800,000000025508,,  000,000,000,021                                                              
00100049,O1510310105,746578,201409,20141107,000000058527,000000000000,,  000,000,000,021                                                              
00100524,C6023234100,470175,201408,20141107,000000298812,000000126103,,  000,000,000,021                                                              
00100560,C6750591102,563591,201408,20141107,000000394820,000000000000,,  000,000,000,021                                                              
00100560,C6750591102,664482,201408,20141107,000000557029,000000000000,,  000,000,000,021                                                              
00100560,C6750591102,863349,201408,20141107,000000619905,000000000000,,  000,000,000,021                                                              
00101150,H5111072104,323539,201104,20141107,000000000000,000000000000,,  000,000,000,021                                                              
00101150,H5111072104,578392,201006,20141107,000000000000,000000000000,,  000,000,000,021                                                              
00101150,H5111072104,579109,200806,20141107,000000000000,000000000000,,  000,000,000,021                                                              
00101150,H5111072104,974299,200712,20141107,000000000000,000000000000,,  000,000,000,021                                                              
00101151,C6732006104,380972,201002,20141107,000000088174,000000031549,,  000,000,000,021                                                              
00101151,C6732006104,902837,201004,20141107,000000052832,000000000000,,  000,000,000,021                                                              
00101607,N9110292103,257361,201410,20141107,000000632971,000000375154,,  000,000,000,021                                                              
00101903,C6752475106,170071,201410,20141107,000000476933,000000219849,,  000,000,000,021                                                              
00101952,C6018502107,718543,201410,20141107,000001258880,000001569174,,  000,000,000,021                                                              
00103027,C6724523108,217016,201409,20141107,000000205905,000000000000,,  000,000,000,021                                                              
00103027,C6724523108,712663,201408,20141107,000000182492,000000000000,,  000,000,000,021                                                              
00721304,N8710137106,511406,201410,20141107,000000143362,000000063620,,  000,000,000,072                                                              
00722374,C6021998102,250862,201410,20141107,000000399641,000000201168,,  000,000,000,072                                                              
00722408,H5113017107,569088,201402,20141107,000000000000,000000316035,,  000,000,000,072                                                              
00722408,H5113017107,800926,201312,20141107,000000000000,000000337387,,  000,000,000,072                                                              
00722416,C6013532109,373497,201410,20141107,000000174364,000000092263,,  000,000,000,072                                                              
00722416,C6741673100,865363,201410,20141107,000000117643,000000064276,,  000,000,000,072                                                              
00722416,C6746149106,630581,201410,20141107,000000606361,000000357224,,  000,000,000,072                                                              
00722416,C6750241104,687252,201410,20141107,000001124181,000000989678,,  000,000,000,072                                                              
00722417,C6745452105,622230,201410,20141107,000000476805,000000481162,,  000,000,000,072                                                              
00722421,C7211532107,847343,201410,20141107,000000747299,000000530841,,  000,000,000,072                                                              
00722445,O0710019102,669058,201410,20141107,000000446499,000000293610,,  000,000,000,072                                                              
00728846,C6750161104,057283,201308,20141107,000000000000,000000000000,,  000,000,000,072                                                              
00728846,C6750161104,065970,201302,20141107,000000000000,000000000000,,  000,000,000,072                                                              
00728846,C6750161104,253533,201306,20141107,000000000000,000000000000,,  000,000,000,072                                                              
00728846,C6750161104,377667,201304,20141107,000000000000,000000000000,,  000,000,000,072                                                              
00728846,C6750161104,559706,201310,20141107,000000000000,000000000000,,  000,000,000,072                                                              
00728846,C6750161104,667045,201210,20141107,000000000000,000000000000,,  000,000,000,072                                                              
00728846,C6750161104,745235,201212,20141107,000000000000,000000000000,,  000,000,000,072                                                              
00728846,C6750294103,909629,201410,20141107,000000452599,000000201748,,  000,000,000,072                                                              
00728846,C6751147102,716687,201410,20141107,000000148326,000000183475,,  000,000,000,072                                                              
00728846,C6752299100,420097,201409,20141107,000000377706,000000000000,,  000,000,000,072                                                              
