     181,C6023495107,030754,201410,20141120,000000305210,000000248805,,  000,000,000,036                                                              
   04205,C6017907109,332649,201410,20141120,000001594418,000000811225,,  000,000,000,012                                                              
   04205,C6023579108,019951,201410,20141120,000000693930,000000323672,,  000,000,000,012                                                              
   04205,C6740814101,305992,201410,20141120,000001249864,000001120112,,  000,000,000,012                                                              
   04205,C6743233101,691047,201410,20141120,000000117026,000000133011,,  000,000,000,012                                                              
   04205,C6746748105,663093,201410,20141120,000001590227,000001273793,,  000,000,000,012                                                              
   04205,C6746882102,320595,201410,20141120,000001822347,000000000000,,  000,000,000,012                                                              
   04205,C6747508102,621391,201410,20141120,000000175185,000000091038,,  000,000,000,012                                                              
   04205,C6747789108,924145,201410,20141120,000001329564,000001118352,,  000,000,000,012                                                              
   04205,C6748041103,118857,201409,20141120,000000672361,000000000000,,  000,000,000,012                                                              
   04205,C6748888107,495369,201409,20141120,000000558659,000000000000,,  000,000,000,012                                                              
   04205,C6749224104,636451,201410,20141120,000000373160,000000193267,,  000,000,000,012                                                              
   04205,C6750958103,544929,201410,20141120,000000554428,000000410673,,  000,000,000,012                                                              
   04205,C6751487102,715110,201410,20141120,000000262259,000000094362,,  000,000,000,012                                                              
   04205,C6752385107,752117,201410,20141120,000000394904,000000222924,,  000,000,000,012                                                              
   04205,C6752729106,606727,201410,20141120,000002306804,000001895853,,  000,000,000,012                                                              
   04205,C6752970106,150414,201410,20141120,000000485976,000000295222,,  000,000,000,012                                                              
   04205,C6911292103,739646,201410,20141120,000000000000,000000000000,,  000,000,000,012                                                              
   04205,N8513243101,255867,201410,20141120,000000564536,000000237591,,  000,000,000,012                                                              
   04205,O1110588100,125710,201410,20141120,000000224465,000000178023,,  000,000,000,012                                                              
   04205,Z0410013105,059914,201410,20141120,000008518520,000005938047,,  000,000,000,012                                                              
   04411,C6751447106,778892,201410,20141120,000000066415,000000032904,,  000,000,000,012                                                              
   05003,C5914801100,565710,201410,20141120,000000170578,000000081931,,  000,000,000,012                                                              
   05125,C6213167102,311627,201410,20141120,000000148297,000000057605,,  000,000,000,012                                                              
   05125,C6213167102,655889,201409,20141120,000000145917,000000000000,,  000,000,000,012                                                              
   05125,C6752615107,370231,201410,20141120,000000082297,000000058066,,  000,000,000,012                                                              
   05125,C6752618101,644371,201411,20141120,000000056286,000000000000,,  000,000,000,012                                                              
   06536,C6726670105,654991,201410,20141120,000001439074,000001109525,,  000,000,000,012                                                              
   06536,C6748243105,253044,201410,20141120,000000058395,000000030346,,  000,000,000,012                                                              
   06542,C6023410106,148186,201410,20141120,000000397958,000000000000,,  000,000,000,012                                                              
   06542,C6023410106,894665,201410,20141120,000000000000,000000209036,,  000,000,000,012                                                              
   06542,C6726421103,893137,201409,20141120,000000341476,000000000000,,  000,000,000,012                                                              
   06542,C6749638105,396069,201410,20141120,000000057370,000000028322,,  000,000,000,012                                                              
   06542,C6752912108,008919,201410,20141120,000000988361,000000376166,,  000,000,000,012                                                              
   06543,C6750883103,807424,201410,20141120,000000229470,000000092904,,  000,000,000,012                                                              
   06569,C6747578105,851493,201410,20141120,000000109120,000000051929,,  000,000,000,012                                                              
00000131,C6745578107,796653,201410,20141120,000000057731,000000029032,,  000,000,000,002                                                              
00000305,C6744017107,989127,201410,20141120,000000306765,000000152531,,  000,000,000,002                                                              
00000305,C6749067107,998832,201410,20141120,000000515476,000000251582,,  000,000,000,002                                                              
00000519,C6723836105,224615,201408,20141120,000000000000,000000000000,,  000,000,000,002                                                              
00000519,C6723836105,303815,201410,20141120,000003117746,000000000000,,  000,000,000,002                                                              
00000588,C6745238108,339071,201410,20141120,000000056095,000000025801,,  000,000,000,002                                                              
00000799,C6023011102,347770,201410,20141120,000000122221,000000000000,,  000,000,000,002                                                              
00000870,C6745672108,047894,201409,20141120,000000288674,000000000000,,  000,000,000,002                                                              
00000870,C6745672108,075339,201410,20141120,000000000000,000000138062,,  000,000,000,002                                                              
00000870,C6745672108,330986,201408,20141120,000000302911,000000368239,,  000,000,000,002                                                              
00000870,C6747335100,648963,201410,20141120,000000145603,000000069778,,  000,000,000,002                                                              
00000870,C6750065107,988837,201410,20141120,000000000000,000001392932,,  000,000,000,002                                                              
00000870,C6750651104,989356,201410,20141120,000004497494,000002947867,,  000,000,000,002                                                              
00000870,C6751761100,160027,201410,20141120,000003545822,000002051607,,  000,000,000,002                                                              
00000870,C6752760101,870565,201410,20141120,000000331074,000000283610,,  000,000,000,002                                                              
00000870,C6812161100,778210,201410,20141120,000000455459,000000301506,,  000,000,000,002                                                              
00000870,C7211559100,583259,201410,20141120,000000401912,000000188700,,  000,000,000,002                                                              
00000981,C5915351105,235074,201409,20141120,000000848890,000000000000,,  000,000,000,014                                                              
00000981,C6720638108,031781,201410,20141120,000019285837,000000000000,,  000,000,000,014                                                              
00000981,C6720638108,096494,201410,20141120,000000000000,000024807427,,  000,000,000,014                                                              
00000981,C6720638108,294256,201410,20141120,000000000000,000000000000,,  000,000,000,014                                                              
00000981,C6736201107,446540,201410,20141120,000000000000,000000000000,,  000,000,000,014                                                              
00000981,C6746065104,372474,201410,20141120,000000000000,000010255901,,  000,000,000,014                                                              
00000981,C6747311101,150017,201410,20141120,000002512043,000001790331,,  000,000,000,014                                                              
00000981,C6751368104,618995,201410,20141120,000000000000,000000077671,,  000,000,000,014                                                              
00000981,O0210041101,462776,201410,20141120,000000225895,000000191216,,  000,000,000,014                                                              
00000981,O1510269103,787986,201410,20141120,000000749977,000000655627,,  000,000,000,014                                                              
00004265,N9210656108,124905,201410,20141120,000000131361,000000068237,,  000,000,000,002                                                              
00004266,C6213141107,101280,201410,20141120,000000775837,000000404704,,  000,000,000,002                                                              
00004414,C6016891106,608482,201410,20141120,000000963010,000000408480,,  000,000,000,002                                                              
00004414,C6749383108,144936,201410,20141120,000000066548,000000046452,,  000,000,000,002                                                              
00004414,C6750152103,675971,201410,20141120,000000238764,000000132631,,  000,000,000,002                                                              
00004414,C6810721103,597343,201410,20141120,000000061075,000000035644,,  000,000,000,002                                                              
00004978,C6751142103,158638,201410,20141120,000000068472,000000037143,,  000,000,000,002                                                              
00005003,C6213122107,859199,201410,20141120,000000197601,000000081294,,  000,000,000,021                                                              
00005003,C6752438104,050331,201410,20141120,000000908879,000000999737,,  000,000,000,021                                                              
00005003,C7411615108,684699,201410,20141120,000000116780,000000051602,,  000,000,000,021                                                              
00005036,C6736199103,935615,201410,20141120,000000135883,000000073677,,  000,000,000,002                                                              
00005181,C7410623103,322014,201410,20141120,000000128590,000000084001,,  000,000,000,014                                                              
00005181,C7411659106,094460,201410,20141120,000000118276,000000063626,,  000,000,000,014                                                              
00006158,C6744900104,678123,201409,20141120,000000174051,000000000000,,  000,000,000,002                                                              
00006158,H2511576107,172508,201408,20141120,000000562424,000000328448,,  000,000,000,002                                                              
00007163,C6021643104,650947,201410,20141120,000000171608,000000083968,,  000,000,000,002                                                              
00100084,C6021914109,084424,201410,20141120,000000000000,000000000000,,  000,000,000,021                                                              
00100084,C6750997101,496711,201410,20141120,000000125262,000000077422,,  000,000,000,021                                                              
00100094,C6744556104,755699,201410,20141120,000005053371,000001796611,,  000,000,000,021                                                              
00100094,C6752488109,408568,201409,20141120,000000661918,000000000000,,  000,000,000,021                                                              
00100094,C6753112104,748390,201410,20141120,000000126671,000000077420,,  000,000,000,021                                                              
00100512,C6751796106,901923,201410,20141120,000000000000,000000000000,,  000,000,000,021                                                              
00100524,C6022530102,339363,201410,20141120,000000148796,000000109682,,  000,000,000,021                                                              
00100560,C6745639107,796993,201410,20141120,000000314466,000000274242,,  000,000,000,021                                                              
00100560,C7211574109,906194,201408,20141120,000000000000,000000034732,,  000,000,000,021                                                              
00100637,C6023621108,019127,201402,20141120,000000000000,000000062144,,  000,000,000,021                                                              
00100637,C6023621108,212469,201408,20141120,000000000000,000000060934,,  000,000,000,021                                                              
00100637,C6023621108,761150,201404,20141120,000000000000,000000062876,,  000,000,000,021                                                              
00100637,C6741264108,728217,201410,20141120,000000251369,000000113180,,  000,000,000,021                                                              
00100764,C7310140109,069328,201409,20141120,000000002540,000000000000,,  000,000,000,021                                                              
00100764,C7310610101,980785,201410,20141120,000000119615,000000065807,,  000,000,000,021                                                              
00101150,C6751223101,057762,201410,20141120,000000292248,000000149905,,  000,000,000,021                                                              
00380003,C6749252105,372810,201410,20141120,000000181328,000000179759,,  000,000,000,044                                                              
00720280,C6022891108,182945,201410,20141120,000000116312,000000059326,,  000,000,000,072                                                              
00720714,C6811565103,274315,201410,20141120,000000170585,000000081948,,  000,000,000,072                                                              
00720714,O1010091106,834785,201410,20141120,000000117010,000000051602,,  000,000,000,072                                                              
00721297,C5915259100,698356,201410,20141120,000000077668,000000032060,,  000,000,000,072                                                              
00721297,C6735070107,178795,201410,20141120,000000056814,000000027225,,  000,000,000,072                                                              
00721349,C6727263108,484672,201410,20141120,000003530638,000003303130,,  000,000,000,072                                                              
00721349,N9210667105,913276,201410,20141120,000001348779,000000744880,,  000,000,000,072                                                              
00721998,C6724773109,896734,201410,20141120,000000332740,000000232260,,  000,000,000,072                                                              
00721998,C6742866109,112633,201410,20141120,000000093216,000000046452,,  000,000,000,072                                                              
00722020,C5914627109,796577,201410,20141120,000000069365,000000052018,,  000,000,000,072                                                              
00722374,C6017155105,247647,201409,20141120,000000068723,000000000000,,  000,000,000,072                                                              
00722374,C6017155105,253258,201408,20141120,000000072112,000000055198,,  000,000,000,072                                                              
00722374,C6017155105,272055,201410,20141120,000000069846,000000052598,,  000,000,000,072                                                              
00722402,C6743758107,585273,201410,20141120,000000122711,000000072388,,  000,000,000,072                                                              
00722409,C6745255102,448080,201410,20141120,000000000000,000000070502,,  000,000,000,072                                                              
00722414,C6724422103,794090,201410,20141120,000000253819,000000135333,,  000,000,000,072                                                              
00722414,C6749877109,395306,201410,20141120,000000124160,000000075252,,  000,000,000,072                                                              
00722416,C6749710102,892158,201410,20141120,000000056186,000000025801,,  000,000,000,072                                                              
00722417,C6747992108,014429,201410,20141120,000000102774,000000055298,,  000,000,000,072                                                              
00722417,C6748954107,366035,201410,20141120,000000962447,000000456094,,  000,000,000,072                                                              
00722418,H5112464102,215096,201410,20141120,000000070906,000000025801,,  000,000,000,072                                                              
00722418,H5113053102,316871,201410,20141120,000002620468,000001779832,,  000,000,000,072                                                              
00722421,N9810163109,265027,201410,20141120,000000061169,000000032544,,  000,000,000,072                                                              
00722424,L4510137109,506431,201409,20141120,000000110392,000000000000,,  000,000,000,072                                                              
00722430,C6022598109,475532,201410,20141120,000000059806,000000032904,,  000,000,000,072                                                              
00722430,C6023250106,167610,201408,20141120,000000064924,000000037374,,  000,000,000,072                                                              
00722431,C6023679106,240255,201410,20141120,000000186246,000000189493,,  000,000,000,072                                                              
00722431,C6725288107,859840,201410,20141120,000000116790,000000060698,,  000,000,000,072                                                              
00722537,C6714481101,504559,201410,20141120,000000062349,000000259719,,  000,000,000,072                                                              
00728846,C6015842100,389427,201410,20141120,000001000236,000000731414,,  000,000,000,072                                                              
00728846,C6019764102,879096,201410,20141120,000000000000,000000000000,,  000,000,000,072                                                              
00728846,C6722448100,668556,201410,20141120,000000000000,000000000000,,  000,000,000,072                                                              
00728846,C6741221108,570294,201409,20141120,000000446081,000000000000,,  000,000,000,072                                                              
00728846,C6751468102,710395,201410,20141120,000002441806,000002199705,,  000,000,000,072                                                              
00728846,C6752754104,531013,201410,20141120,000000063657,000000040460,,  000,000,000,072                                                              
00728846,N8512849106,429802,201410,20141120,000002094764,000001797970,,  000,000,000,072                                                              
01500810,C6213132106,057777,201208,20141120,000000000000,000000068326,,  000,000,000,021                                                              
01500810,C6213132106,145455,201112,20141120,000000000000,000000037141,,  000,000,000,021                                                              
01500810,C6213132106,206816,201204,20141120,000000000000,000000070256,,  000,000,000,021                                                              
01500810,C6213132106,277780,201206,20141120,000000000000,000000068977,,  000,000,000,021                                                              
01500810,C6213132106,850571,201202,20141120,000000000000,000000070075,,  000,000,000,021                                                              
01500810,C6752657109,210882,201212,20141120,000000000000,000000063705,,  000,000,000,021                                                              
01500810,C6752657109,253460,201210,20141120,000000000000,000000048274,,  000,000,000,021                                                              
01500810,C6752657109,508450,201302,20141120,000000000000,000000059972,,  000,000,000,021                                                              
01501676,C6752657109,479363,201304,20141120,000000000000,000000060389,,  000,000,000,021                                                              
MM      ,C6017421101,685768,201410,20141120,000000213253,000000166249,,  000,000,000,030                                                              
admin   ,C6747320102,577001,201410,20141120,000000065420,000000052880,,  000,000,000,030                                                              
