   00177,C6743918107,239403,201411,20141128,000004961800,000000000000,,  000,000,000,012                                                              
   00562,C6748502104,228584,201410,20141128,000000000000,000000010110,,  000,000,000,012                                                              
   04205,16011434103,135565,201410,20141128,000000000000,000000000000,,  000,000,000,012                                                              
   04205,C6021770105,471447,201410,20141128,000001304979,000000907306,,  000,000,000,012                                                              
   04205,C6023536108,181378,201410,20141128,000000000000,000000387448,,  000,000,000,012                                                              
   04205,C6213139101,281608,201410,20141128,000000000000,000000000000,,  000,000,000,012                                                              
   04205,C6213150108,049034,201410,20141128,000000253748,000000158714,,  000,000,000,012                                                              
   04205,C6745190101,086900,201310,20141128,000000000000,000000000000,,  000,000,000,012                                                              
   04205,C6745190101,102200,201304,20141128,000000000000,000000000000,,  000,000,000,012                                                              
   04205,C6745190101,157873,201104,20141128,000000000000,000000000000,,  000,000,000,012                                                              
   04205,C6745190101,278632,201108,20141128,000000000000,000000000000,,  000,000,000,012                                                              
   04205,C6745190101,290337,201306,20141128,000000000000,000000000000,,  000,000,000,012                                                              
   04205,C6745190101,292122,201102,20141128,000000000000,000000000000,,  000,000,000,012                                                              
   04205,C6745190101,310506,200606,20141128,000000000000,000000000000,,  000,000,000,012                                                              
   04205,C6745190101,343136,201106,20141128,000000000000,000000000000,,  000,000,000,012                                                              
   04205,C6745190101,355114,200604,20141128,000000000000,000000000000,,  000,000,000,012                                                              
   04205,C6745190101,396152,201308,20141128,000000000000,000000000000,,  000,000,000,012                                                              
   04205,C6745190101,435886,201112,20141128,000000000000,000000000000,,  000,000,000,012                                                              
   04205,C6745190101,457250,201002,20141128,000000000000,000000000000,,  000,000,000,012                                                              
   04205,C6745190101,491909,201012,20141128,000000000000,000000000000,,  000,000,000,012                                                              
   04205,C6745190101,492594,201312,20141128,000000000000,000000000000,,  000,000,000,012                                                              
   04205,C6745190101,539303,200912,20141128,000000000000,000000000000,,  000,000,000,012                                                              
   04205,C6745190101,589973,201110,20141128,000000000000,000000000000,,  000,000,000,012                                                              
   04205,C6747988106,363304,201410,20141128,000001570872,000001034073,,  000,000,000,012                                                              
   04205,C6751964100,643333,201408,20141128,000000000000,000000000000,,  000,000,000,012                                                              
   04205,C6753118101,738914,201409,20141128,000003867738,000000000000,,  000,000,000,012                                                              
   04205,C6753193104,050503,201410,20141128,000000925303,000000586340,,  000,000,000,012                                                              
   04205,C6810231137,511573,201004,20141128,000000186078,000000000000,,  000,000,000,012                                                              
   04205,C6810231137,729534,201003,20141128,000000197909,000000000000,,  000,000,000,012                                                              
   04205,C6910802100,385769,201408,20141128,000000705457,000000356388,,  000,000,000,012                                                              
   04205,N8511871101,655022,201410,20141128,000002374940,000001092295,,  000,000,000,012                                                              
   06549,C6745682107,198251,201311,20141128,000000047178,000000000000,,  000,000,000,012                                                              
   06549,C6745682107,748437,201309,20141128,000000043376,000000000000,,  000,000,000,012                                                              
   06549,C6745682107,753865,201307,20141128,000000051372,000000000000,,  000,000,000,012                                                              
   06549,C6745682107,875146,201308,20141128,000000045424,000000000000,,  000,000,000,012                                                              
   06549,C6745682107,922333,201310,20141128,000000044346,000000000000,,  000,000,000,012                                                              
   06558,C7210881109,416592,201410,20141128,000000030665,000000023063,,  000,000,000,012                                                              
   06558,C7210881109,473915,201409,20141128,000000077947,000000000000,,  000,000,000,012                                                              
00000036,O1110661105,141775,201410,20141128,000000176133,000000092904,,  000,000,000,002                                                              
00000131,C6742363107,227135,201410,20141128,000000117422,000000089102,,  000,000,000,002                                                              
00000131,C6743936109,702995,201410,20141128,000000062895,000000035644,,  000,000,000,002                                                              
00000289,C7210759107,663173,201410,20141128,000000000000,000000000000,,  000,000,000,002                                                              
00000289,C7211076105,526231,201410,20141128,000000000000,000000000000,,  000,000,000,002                                                              
00000519,C6746816100,016801,201309,20141128,000000000690,000000000000,,  000,000,000,002                                                              
00000519,C6746816100,024731,201307,20141128,000000000698,000000000000,,  000,000,000,002                                                              
00000519,C6746816100,098335,201305,20141128,000000000704,000000000000,,  000,000,000,002                                                              
00000519,C6746816100,166074,201303,20141128,000000000408,000000000000,,  000,000,000,002                                                              
00000519,C6746816100,208314,201301,20141128,000000098819,000000000000,,  000,000,000,002                                                              
00000519,C6746816100,275213,201306,20141128,000000000654,000000001295,,  000,000,000,002                                                              
00000519,C6746816100,376657,201310,20141128,000000000707,000000001344,,  000,000,000,002                                                              
00000519,C6746816100,447534,201302,20141128,000000088008,000000176469,,  000,000,000,002                                                              
00000519,C6746816100,734740,201311,20141128,000000000709,000000000000,,  000,000,000,002                                                              
00000519,C6746816100,830895,201308,20141128,000000000693,000000001321,,  000,000,000,002                                                              
00000519,C6746816100,862387,201304,20141128,000000000393,000000000779,,  000,000,000,002                                                              
00000519,C6746816100,898833,201312,20141128,000000015512,000000005231,,  000,000,000,002                                                              
00000870,16010091102,218070,201408,20141128,000000000000,000000000000,,  000,000,000,002                                                              
00000870,16010091102,534185,201404,20141128,000000000000,000000000000,,  000,000,000,002                                                              
00000870,16010091102,769543,201406,20141128,000000000000,000000000000,,  000,000,000,002                                                              
00000870,C6012821107,679588,201410,20141128,000000242337,000000219872,,  000,000,000,002                                                              
00000870,C6751299101,680259,201410,20141128,000000142076,000000082840,,  000,000,000,002                                                              
00000870,C6812124108,068062,201410,20141128,000002106385,000001450152,,  000,000,000,002                                                              
00000870,H2510070102,659170,201410,20141128,000000000000,000000000000,,  000,000,000,002                                                              
00000870,H5111443107,683311,201410,20141128,000001077788,000001121478,,  000,000,000,002                                                              
00000981,C6747336108,036263,201410,20141128,000000000000,000000000000,,  000,000,000,014                                                              
00000981,C6748013102,360082,201410,20141128,000000000000,000000000000,,  000,000,000,014                                                              
00000981,C7110240109,569662,201410,20141128,000000000000,000003372540,,  000,000,000,014                                                              
00004441,C6022522109,592964,201410,20141128,000001389510,000000654980,,  000,000,000,002                                                              
00004577,C6751619100,118645,201410,20141128,000000058636,000000030346,,  000,000,000,002                                                              
00004649,C6753117103,024315,201410,20141128,000000083874,000000037805,,  000,000,000,002                                                              
00380001,C6735409107,141090,201410,20141128,000000056095,000000025801,,  000,000,000,044                                                              
00720280,C6022263100,021645,201410,20141128,000000454473,000000686909,,  000,000,000,072                                                              
00722417,C6811390106,442547,201410,20141128,000000229757,000000249293,,  000,000,000,072                                                              
00722418,H5111958104,072212,201410,20141128,000000113628,000000054450,,  000,000,000,072                                                              
00722418,H5112608104,674709,201410,20141128,000000255864,000000165410,,  000,000,000,072                                                              
00722423,C6723113109,285362,201410,20141128,000000646296,000000341583,,  000,000,000,072                                                              
00722424,H2511168103,121132,201410,20141128,000000326876,000000280502,,  000,000,000,072                                                              
00722428,O2010260105,439048,201410,20141128,000000072731,000000058669,,  000,000,000,072                                                              
00722430,C6749314103,788932,201410,20141128,000000294780,000000142116,,  000,000,000,072                                                              
00722431,C6726131108,791343,201409,20141128,000000049866,000000000000,,  000,000,000,072                                                              
00728846,C5915102102,704643,201410,20141128,000010981335,000000000000,,  000,000,000,072                                                              
00728846,C6018450109,731620,201409,20141128,000003016465,000000000000,,  000,000,000,072                                                              
00728846,C6018910102,785889,201410,20141128,000000000000,000000000000,,  000,000,000,072                                                              
00728846,C6719759105,245964,201409,20141128,000004951019,000000000000,,  000,000,000,072                                                              
00728846,C6743573100,035548,201407,20141128,000001103843,000000000000,,  000,000,000,072                                                              
00728846,C6743573100,098691,201408,20141128,000001051410,000001273160,,  000,000,000,072                                                              
00728846,C6743573100,183449,201410,20141128,000001241263,000001469958,,  000,000,000,072                                                              
00728846,C6743573100,359051,201401,20141128,000000561743,000000000000,,  000,000,000,072                                                              
00728846,C6743573100,439267,201404,20141128,000000937565,000001132310,,  000,000,000,072                                                              
00728846,C6743573100,537437,201405,20141128,000001000728,000000000000,,  000,000,000,072                                                              
00728846,C6743573100,548971,201406,20141128,000000984695,000001184798,,  000,000,000,072                                                              
00728846,C6743573100,605522,201402,20141128,000000653093,000000656727,,  000,000,000,072                                                              
00728846,C6743573100,833823,201409,20141128,000001249487,000000000000,,  000,000,000,072                                                              
00728846,C6743573100,908193,201403,20141128,000000961869,000000000000,,  000,000,000,072                                                              
00728846,C6745822109,068993,201410,20141128,000018395404,000000000000,,  000,000,000,072                                                              
00728846,C6747320102,081106,201406,20141128,000000000000,000000000000,,  000,000,000,072                                                              
00728846,C6910845109,038460,201410,20141128,000000000000,000006689150,,  000,000,000,072                                                              
MM      ,N9810561104,418495,201410,20141128,000000371835,000000156777,,  000,000,000,030                                                              
