   00112,C6752679103,597206,201409,20141126,000000083780,000000000000,,  000,000,000,012                                                              
   00112,C6752679103,988933,201410,20141126,000000084854,000000038711,,  000,000,000,012                                                              
   00562,C6736857106,997474,201410,20141126,000000473202,000000449039,,  000,000,000,012                                                              
   04203,C6743680103,657131,201410,20141126,000000000000,000000000000,,  000,000,000,012                                                              
   04205,C6017907109,164172,201304,20141126,000000000000,000000000000,,  000,000,000,012                                                              
   04205,C6017907109,182008,200808,20141126,000000000000,000000000000,,  000,000,000,012                                                              
   04205,C6017907109,703817,201306,20141126,000000000000,000000000000,,  000,000,000,012                                                              
   04205,C6017907109,862837,200806,20141126,000000000000,000000000000,,  000,000,000,012                                                              
   04205,C6213146106,897880,201410,20141126,000001962348,000000000000,,  000,000,000,012                                                              
   04205,C6721376104,296944,201410,20141126,000006234542,000004276492,,  000,000,000,012                                                              
   04205,C6723447101,674247,201410,20141126,000002766277,000001635085,,  000,000,000,012                                                              
   04205,C6731995109,400718,201406,20141126,000002120124,000000000000,,  000,000,000,012                                                              
   04205,C6739370107,054170,200902,20141126,000000000000,000000000000,,  000,000,000,012                                                              
   04205,C6739370107,464012,201004,20141126,000000000000,000000000000,,  000,000,000,012                                                              
   04205,C6739370107,628927,201110,20141126,000000000000,000000000000,,  000,000,000,012                                                              
   04205,C6739370107,687248,200812,20141126,000000000000,000000000000,,  000,000,000,012                                                              
   04205,C6741366101,115501,201410,20141126,000000063444,000000032366,,  000,000,000,012                                                              
   04205,C6752909104,675025,201409,20141126,000005857457,000000000000,,  000,000,000,012                                                              
   04205,C6752909104,904395,201410,20141126,000006002743,000007028176,,  000,000,000,012                                                              
   04205,C7211156105,289238,201408,20141126,000000000000,000013294684,,  000,000,000,012                                                              
   04205,O1010288108,308983,201410,20141126,000000058205,000000027225,,  000,000,000,012                                                              
   05003,C6742727103,525656,201410,20141126,000000000000,000000024831,,  000,000,000,012                                                              
   06539,C7211164109,119551,201408,20141126,000000529965,000000254366,,  000,000,000,012                                                              
   06542,C6750295100,728340,201409,20141126,000001032502,000000000000,,  000,000,000,012                                                              
   06546,C6738154106,101706,201410,20141126,000001011070,000000640125,,  000,000,000,012                                                              
00000092,N8810384103,187416,201410,20141126,000000860181,000000722417,,  000,000,000,002                                                              
00000131,C6741427101,315503,201003,20141126,000000496340,000000000000,,  000,000,000,002                                                              
00000153,C7110947109,118324,201410,20141126,000000443481,000000300118,,  000,000,000,014                                                              
00000285,C6749135102,632682,201410,20141126,000000073754,000000060689,,  000,000,000,002                                                              
00000432,C6746809105,901130,201402,20141126,000000000000,000000027610,,  000,000,000,014                                                              
00000588,C6022493103,151791,201410,20141126,000000146271,000000089034,,  000,000,000,002                                                              
00000650,C6748082107,984031,201410,20141126,000006656356,000008059555,,  000,000,000,002                                                              
00000870,C6022822103,063149,201409,20141126,000000259762,000000000000,,  000,000,000,002                                                              
00000870,C6022822103,343335,201410,20141126,000000264000,000000313734,,  000,000,000,002                                                              
00000870,C6212890100,793693,201409,20141126,000000165479,000000000000,,  000,000,000,002                                                              
00000981,C6736229108,407495,201410,20141126,000004136225,000000000000,,  000,000,000,014                                                              
00000981,C6736229108,565826,201410,20141126,000000000000,000004377884,,  000,000,000,014                                                              
00000981,C6736975106,194959,201410,20141126,000009836767,000000000000,,  000,000,000,014                                                              
00000981,C6736975106,630409,201410,20141126,000000000000,000013418775,,  000,000,000,014                                                              
00000981,C6810979107,824470,201410,20141126,000000218847,000000171081,,  000,000,000,014                                                              
00000981,O1110405107,021329,201410,20141126,000000655343,000000392504,,  000,000,000,014                                                              
00005002,C5911539109,151120,201410,20141126,000000000000,000000000000,,  000,000,000,021                                                              
00005002,N8510123108,842724,201410,20141126,000000000000,000000000000,,  000,000,000,021                                                              
00005036,C6022616109,222893,201210,20141126,000000000000,000000042335,,  000,000,000,002                                                              
00005036,C6022616109,496166,201404,20141126,000000000000,000000111752,,  000,000,000,002                                                              
00100083,C6746360109,523058,200802,20141126,000000000000,000000030287,,  000,000,000,021                                                              
00100083,C6746360109,556818,200808,20141126,000000000000,000000029934,,  000,000,000,021                                                              
00100083,C6746360109,651442,200904,20141126,000000000000,000000029028,,  000,000,000,021                                                              
00100083,C6746360109,699119,200902,20141126,000000000000,000000028531,,  000,000,000,021                                                              
00100083,C6746360109,770787,200702,20141126,000000000000,000000032380,,  000,000,000,021                                                              
00100083,C6746360109,842390,200810,20141126,000000000000,000000029002,,  000,000,000,021                                                              
00100083,C6746360109,895913,200704,20141126,000000000000,000000033030,,  000,000,000,021                                                              
00100083,O1510367105,611273,201409,20141126,000000124992,000000000000,,  000,000,000,021                                                              
00100560,C6746068108,064994,201408,20141126,000000000000,000000000000,,  000,000,000,021                                                              
00100560,C6746068108,115423,200904,20141126,000000000000,000000000000,,  000,000,000,021                                                              
00100560,C6746068108,137213,201410,20141126,000000000000,000000000000,,  000,000,000,021                                                              
00100560,C6746068108,168546,201304,20141126,000000000000,000000000000,,  000,000,000,021                                                              
00100560,C6746068108,179061,201312,20141126,000000000000,000000000000,,  000,000,000,021                                                              
00100560,C6746068108,247842,201404,20141126,000000000000,000000000000,,  000,000,000,021                                                              
00100560,C6746068108,361091,200804,20141126,000000000000,000000000000,,  000,000,000,021                                                              
00100560,C6746068108,380505,200808,20141126,000000000000,000000000000,,  000,000,000,021                                                              
00100560,C6746068108,406365,201308,20141126,000000000000,000000000000,,  000,000,000,021                                                              
00100560,C6746068108,482491,201108,20141126,000000000000,000000000000,,  000,000,000,021                                                              
00100560,C6746068108,482503,201406,20141126,000000000000,000000000000,,  000,000,000,021                                                              
00100560,C6746068108,530020,201302,20141126,000000000000,000000000000,,  000,000,000,021                                                              
00100560,C6746068108,601101,200906,20141126,000000000000,000000000000,,  000,000,000,021                                                              
00100560,C6746068108,634132,201008,20141126,000000000000,000000000000,,  000,000,000,021                                                              
00100560,C6746068108,685624,201012,20141126,000000000000,000000000000,,  000,000,000,021                                                              
00100560,C6746068108,781335,201106,20141126,000000000000,000000000000,,  000,000,000,021                                                              
00100560,C6746068108,816755,201102,20141126,000000000000,000000000000,,  000,000,000,021                                                              
00100560,C6746068108,845261,201310,20141126,000000000000,000000000000,,  000,000,000,021                                                              
00100560,C6746068108,888180,201202,20141126,000000000000,000000000000,,  000,000,000,021                                                              
00100560,C6746068108,896676,201402,20141126,000000000000,000000000000,,  000,000,000,021                                                              
00100560,C6746068108,978995,201110,20141126,000000000000,000000000000,,  000,000,000,021                                                              
00100560,C6750206107,732277,201112,20141126,000000000000,000000163836,,  000,000,000,021                                                              
00100637,C6022232105,434852,201410,20141126,000000174615,000000081675,,  000,000,000,021                                                              
00100637,C6022276102,548474,201410,20141126,000000112372,000000051602,,  000,000,000,021                                                              
00100637,C6744109102,017418,201406,20141126,000000241757,000000000000,,  000,000,000,021                                                              
00100637,C6744109102,537136,201407,20141126,000000246457,000000000000,,  000,000,000,021                                                              
00101998,H5112071105,843086,201409,20141126,000000991174,000000000000,,  000,000,000,021                                                              
00720160,C6022926102,872672,201408,20141126,000006596435,000000000000,,  000,000,000,072                                                              
00720280,C6724518108,074257,201408,20141126,000000183798,000000090888,,  000,000,000,072                                                              
00720713,C6740550101,883221,201410,20141126,000000059660,000000032846,,  000,000,000,072                                                              
00720713,O0810402109,129829,201410,20141126,000000077998,000000032366,,  000,000,000,072                                                              
00721348,C6752395106,588467,201410,20141126,000001748050,000000559498,,  000,000,000,072                                                              
00722409,C6735066105,814094,201410,20141126,000000660146,000000344187,,  000,000,000,072                                                              
00722409,O1010769107,695289,201410,20141126,000000292107,000000101580,,  000,000,000,072                                                              
00722414,C6023741138,509117,201410,20141126,000000120166,000000057290,,  000,000,000,072                                                              
00722416,C6213051108,130806,201410,20141126,000000000000,000000000000,,  000,000,000,072                                                              
00722424,H2511051101,469322,201410,20141126,000000061600,000000025801,,  000,000,000,072                                                              
00722424,O1511008138,211327,201410,20141126,000000516167,000000344054,,  000,000,000,072                                                              
00722430,C6023424107,179131,201410,20141126,000001111235,000000838051,,  000,000,000,072                                                              
00722434,C5913688102,921470,201409,20141126,000002005219,000000000000,,  000,000,000,072                                                              
00722537,C6727769104,063286,201410,20141126,000000315555,000000198035,,  000,000,000,072                                                              
00727616,C6023606109,996314,201410,20141126,000000783179,000000336410,,  000,000,000,072                                                              
00728846,C5915098102,442299,201410,20141126,000000349435,000000180223,,  000,000,000,072                                                              
00728846,C6022525102,087807,201406,20141126,000000000000,000000000000,,  000,000,000,072                                                              
00728846,C6023705109,869163,201410,20141126,000000564860,000000303003,,  000,000,000,072                                                              
00728846,C6741041100,464596,201408,20141126,000004327863,000004237314,,  000,000,000,072                                                              
00728846,N8512405107,225160,201410,20141126,000000152335,000000188703,,  000,000,000,072                                                              
00728846,N8512405107,487835,201408,20141126,000000155542,000000100756,,  000,000,000,072                                                              
00728846,N8512405107,500836,201409,20141126,000000149887,000000000000,,  000,000,000,072                                                              
00728846,N8512405107,561272,201407,20141126,000000005090,000000000000,,  000,000,000,072                                                              
00728846,N8512405107,825782,201409,20141126,000000219384,000000000000,,  000,000,000,072                                                              
admin   ,C6750203104,338203,201410,20141126,000000000000,000000263591,,  000,000,000,030                                                              
